date_time,maxtempC,mintempC,totalSnow_cm,sunHour,uvIndex,moon_illumination,moonrise,moonset,sunrise,sunset,DewPointC,FeelsLikeC,HeatIndexC,WindChillC,WindGustKmph,cloudcover,humidity,precipMM,pressure,tempC,visibility,winddirDegree,windspeedKmph,location
2019-01-01 00:00:00,-10,-11,1.3,3.3,1,26,05:05 AM,03:31 PM,09:34 AM,06:13 PM,-8,-13,-5,-13,40,100,85,0.8,1016,-6,0,7,27,"marquette,mi"
2019-01-01 01:00:00,-10,-11,1.3,3.3,1,26,05:05 AM,03:31 PM,09:34 AM,06:13 PM,-8,-14,-6,-14,40,100,85,0.4,1016,-7,1,44,27,"marquette,mi"
2019-01-01 02:00:00,-10,-11,1.3,3.3,1,26,05:05 AM,03:31 PM,09:34 AM,06:13 PM,-9,-14,-6,-14,39,100,84,0.3,1017,-7,1,82,27,"marquette,mi"
2019-01-01 03:00:00,-10,-11,1.3,3.3,1,26,05:05 AM,03:31 PM,09:34 AM,06:13 PM,-9,-15,-7,-15,39,100,84,0.4,1018,-8,2,119,28,"marquette,mi"
2019-01-01 04:00:00,-10,-11,1.3,3.3,1,26,05:05 AM,03:31 PM,09:34 AM,06:13 PM,-10,-16,-7,-16,37,100,83,0.2,1019,-8,2,198,27,"marquette,mi"
2019-01-01 05:00:00,-10,-11,1.3,3.3,1,26,05:05 AM,03:31 PM,09:34 AM,06:13 PM,-10,-16,-8,-16,35,100,82,0.1,1020,-9,3,277,25,"marquette,mi"
2019-01-01 06:00:00,-10,-11,1.3,3.3,1,26,05:05 AM,03:31 PM,09:34 AM,06:13 PM,-11,-17,-8,-17,33,100,82,0.1,1021,-9,4,356,24,"marquette,mi"
2019-01-01 07:00:00,-10,-11,1.3,3.3,1,26,05:05 AM,03:31 PM,09:34 AM,06:13 PM,-11,-17,-9,-17,30,100,81,0.1,1022,-9,4,355,23,"marquette,mi"
2019-01-01 08:00:00,-10,-11,1.3,3.3,1,26,05:05 AM,03:31 PM,09:34 AM,06:13 PM,-12,-17,-9,-17,28,100,81,0.1,1023,-10,4,354,21,"marquette,mi"
2019-01-01 09:00:00,-10,-11,1.3,3.3,1,26,05:05 AM,03:31 PM,09:34 AM,06:13 PM,-12,-17,-9,-17,26,100,80,0.1,1024,-10,5,353,20,"marquette,mi"
2019-01-01 10:00:00,-10,-11,1.3,3.3,1,26,05:05 AM,03:31 PM,09:34 AM,06:13 PM,-12,-17,-9,-17,23,99,81,0.1,1023,-10,6,350,19,"marquette,mi"
2019-01-01 11:00:00,-10,-11,1.3,3.3,1,26,05:05 AM,03:31 PM,09:34 AM,06:13 PM,-12,-17,-10,-17,21,97,82,0.0,1022,-10,7,348,19,"marquette,mi"
2019-01-01 12:00:00,-10,-11,1.3,3.3,1,26,05:05 AM,03:31 PM,09:34 AM,06:13 PM,-12,-17,-10,-17,18,96,82,0.0,1021,-11,8,346,18,"marquette,mi"
2019-01-01 13:00:00,-10,-11,1.3,3.3,1,26,05:05 AM,03:31 PM,09:34 AM,06:13 PM,-12,-17,-10,-17,16,94,82,0.0,1019,-10,8,340,17,"marquette,mi"
2019-01-01 14:00:00,-10,-11,1.3,3.3,1,26,05:05 AM,03:31 PM,09:34 AM,06:13 PM,-11,-17,-9,-17,14,91,81,0.0,1017,-10,7,335,17,"marquette,mi"
2019-01-01 15:00:00,-10,-11,1.3,3.3,1,26,05:05 AM,03:31 PM,09:34 AM,06:13 PM,-11,-16,-9,-16,12,89,80,0.0,1015,-10,7,330,16,"marquette,mi"
2019-01-01 16:00:00,-10,-11,1.3,3.3,1,26,05:05 AM,03:31 PM,09:34 AM,06:13 PM,-12,-16,-10,-16,11,90,80,0.0,1017,-11,8,320,15,"marquette,mi"
2019-01-01 17:00:00,-10,-11,1.3,3.3,1,26,05:05 AM,03:31 PM,09:34 AM,06:13 PM,-12,-16,-10,-16,10,90,79,0.0,1018,-11,9,311,13,"marquette,mi"
2019-01-01 18:00:00,-10,-11,1.3,3.3,1,26,05:05 AM,03:31 PM,09:34 AM,06:13 PM,-13,-16,-11,-16,9,91,79,0.0,1020,-12,10,301,12,"marquette,mi"
2019-01-01 19:00:00,-10,-11,1.3,3.3,1,26,05:05 AM,03:31 PM,09:34 AM,06:13 PM,-14,-15,-12,-15,10,82,79,0.0,1023,-12,10,285,10,"marquette,mi"
2019-01-01 20:00:00,-10,-11,1.3,3.3,1,26,05:05 AM,03:31 PM,09:34 AM,06:13 PM,-14,-15,-12,-15,10,73,80,0.0,1025,-13,10,268,9,"marquette,mi"
2019-01-01 21:00:00,-10,-11,1.3,3.3,1,26,05:05 AM,03:31 PM,09:34 AM,06:13 PM,-15,-15,-13,-15,11,64,80,0.0,1028,-14,10,252,7,"marquette,mi"
2019-01-01 22:00:00,-10,-11,1.3,3.3,1,26,05:05 AM,03:31 PM,09:34 AM,06:13 PM,-15,-16,-13,-16,12,42,81,0.0,1027,-14,10,241,8,"marquette,mi"
2019-01-01 23:00:00,-10,-11,1.3,3.3,1,26,05:05 AM,03:31 PM,09:34 AM,06:13 PM,-15,-18,-14,-18,13,21,82,0.0,1026,-14,10,230,9,"marquette,mi"
2019-01-02 00:00:00,-10,-17,0.1,3.3,2,19,06:11 AM,04:02 PM,09:34 AM,06:14 PM,-16,-19,-14,-19,14,0,84,0.0,1026,-15,10,220,10,"marquette,mi"
2019-01-02 01:00:00,-10,-17,0.1,3.3,2,19,06:11 AM,04:02 PM,09:34 AM,06:14 PM,-16,-20,-15,-20,15,1,84,0.0,1026,-15,10,215,10,"marquette,mi"
2019-01-02 02:00:00,-10,-17,0.1,3.3,2,19,06:11 AM,04:02 PM,09:34 AM,06:14 PM,-17,-21,-15,-21,16,1,85,0.0,1026,-16,10,210,9,"marquette,mi"
2019-01-02 03:00:00,-10,-17,0.1,3.3,2,19,06:11 AM,04:02 PM,09:34 AM,06:14 PM,-17,-22,-16,-22,17,2,86,0.0,1026,-17,10,206,9,"marquette,mi"
2019-01-02 04:00:00,-10,-17,0.1,3.3,2,19,06:11 AM,04:02 PM,09:34 AM,06:14 PM,-17,-22,-16,-22,18,4,86,0.0,1025,-16,10,203,10,"marquette,mi"
2019-01-02 05:00:00,-10,-17,0.1,3.3,2,19,06:11 AM,04:02 PM,09:34 AM,06:14 PM,-17,-22,-15,-22,20,5,86,0.0,1024,-16,10,201,10,"marquette,mi"
2019-01-02 06:00:00,-10,-17,0.1,3.3,2,19,06:11 AM,04:02 PM,09:34 AM,06:14 PM,-17,-22,-15,-22,21,7,85,0.0,1023,-16,10,198,10,"marquette,mi"
2019-01-02 07:00:00,-10,-17,0.1,3.3,2,19,06:11 AM,04:02 PM,09:34 AM,06:14 PM,-17,-22,-15,-22,22,12,86,0.0,1022,-16,10,198,10,"marquette,mi"
2019-01-02 08:00:00,-10,-17,0.1,3.3,2,19,06:11 AM,04:02 PM,09:34 AM,06:14 PM,-17,-22,-15,-22,23,18,86,0.0,1021,-16,10,198,10,"marquette,mi"
2019-01-02 09:00:00,-10,-17,0.1,3.3,2,19,06:11 AM,04:02 PM,09:34 AM,06:14 PM,-16,-21,-15,-21,24,23,86,0.0,1019,-16,10,198,10,"marquette,mi"
2019-01-02 10:00:00,-10,-17,0.1,3.3,2,19,06:11 AM,04:02 PM,09:34 AM,06:14 PM,-16,-20,-14,-20,24,37,83,0.0,1018,-15,10,199,12,"marquette,mi"
2019-01-02 11:00:00,-10,-17,0.1,3.3,2,19,06:11 AM,04:02 PM,09:34 AM,06:14 PM,-15,-20,-13,-20,24,52,80,0.0,1017,-14,10,200,14,"marquette,mi"
2019-01-02 12:00:00,-10,-17,0.1,3.3,2,19,06:11 AM,04:02 PM,09:34 AM,06:14 PM,-15,-19,-12,-19,23,67,77,0.0,1015,-13,10,201,15,"marquette,mi"
2019-01-02 13:00:00,-10,-17,0.1,3.3,2,19,06:11 AM,04:02 PM,09:34 AM,06:14 PM,-15,-18,-11,-18,22,78,74,0.0,1017,-12,9,202,15,"marquette,mi"
2019-01-02 14:00:00,-10,-17,0.1,3.3,2,19,06:11 AM,04:02 PM,09:34 AM,06:14 PM,-15,-17,-10,-17,21,89,71,0.0,1019,-11,9,202,15,"marquette,mi"
2019-01-02 15:00:00,-10,-17,0.1,3.3,2,19,06:11 AM,04:02 PM,09:34 AM,06:14 PM,-15,-16,-10,-16,19,100,68,0.0,1021,-11,8,203,15,"marquette,mi"
2019-01-02 16:00:00,-10,-17,0.1,3.3,2,19,06:11 AM,04:02 PM,09:34 AM,06:14 PM,-15,-16,-10,-16,19,96,68,0.0,1021,-11,7,207,14,"marquette,mi"
2019-01-02 17:00:00,-10,-17,0.1,3.3,2,19,06:11 AM,04:02 PM,09:34 AM,06:14 PM,-15,-16,-11,-16,19,92,68,0.0,1022,-12,7,212,14,"marquette,mi"
2019-01-02 18:00:00,-10,-17,0.1,3.3,2,19,06:11 AM,04:02 PM,09:34 AM,06:14 PM,-15,-16,-11,-16,19,89,68,0.0,1022,-13,6,217,13,"marquette,mi"
2019-01-02 19:00:00,-10,-17,0.1,3.3,2,19,06:11 AM,04:02 PM,09:34 AM,06:14 PM,-15,-16,-12,-16,19,77,66,0.0,1019,-14,6,223,14,"marquette,mi"
2019-01-02 20:00:00,-10,-17,0.1,3.3,2,19,06:11 AM,04:02 PM,09:34 AM,06:14 PM,-15,-17,-13,-17,19,66,63,0.0,1017,-15,7,229,15,"marquette,mi"
2019-01-02 21:00:00,-10,-17,0.1,3.3,2,19,06:11 AM,04:02 PM,09:34 AM,06:14 PM,-15,-17,-14,-17,19,55,61,0.0,1014,-17,8,235,15,"marquette,mi"
2019-01-02 22:00:00,-10,-17,0.1,3.3,2,19,06:11 AM,04:02 PM,09:34 AM,06:14 PM,-15,-18,-14,-18,20,45,64,0.0,1014,-17,9,240,15,"marquette,mi"
2019-01-02 23:00:00,-10,-17,0.1,3.3,2,19,06:11 AM,04:02 PM,09:34 AM,06:14 PM,-14,-18,-14,-18,20,36,67,0.0,1013,-17,9,246,15,"marquette,mi"
2019-01-03 00:00:00,-2,-11,0.9,3.3,2,11,07:15 AM,04:39 PM,09:34 AM,06:15 PM,-13,-19,-14,-19,21,27,70,0.0,1013,-17,10,251,15,"marquette,mi"
2019-01-03 01:00:00,-2,-11,0.9,3.3,2,11,07:15 AM,04:39 PM,09:34 AM,06:15 PM,-12,-18,-12,-18,21,29,73,0.0,1013,-14,10,250,15,"marquette,mi"
2019-01-03 02:00:00,-2,-11,0.9,3.3,2,11,07:15 AM,04:39 PM,09:34 AM,06:15 PM,-12,-17,-10,-17,22,31,76,0.0,1012,-12,10,248,15,"marquette,mi"
2019-01-03 03:00:00,-2,-11,0.9,3.3,2,11,07:15 AM,04:39 PM,09:34 AM,06:15 PM,-11,-15,-9,-15,22,32,79,0.0,1012,-10,10,247,14,"marquette,mi"
2019-01-03 04:00:00,-2,-11,0.9,3.3,2,11,07:15 AM,04:39 PM,09:34 AM,06:15 PM,-12,-16,-9,-16,21,32,80,0.0,1012,-10,10,244,13,"marquette,mi"
2019-01-03 05:00:00,-2,-11,0.9,3.3,2,11,07:15 AM,04:39 PM,09:34 AM,06:15 PM,-12,-16,-10,-16,20,31,81,0.0,1012,-10,10,242,12,"marquette,mi"
2019-01-03 06:00:00,-2,-11,0.9,3.3,2,11,07:15 AM,04:39 PM,09:34 AM,06:15 PM,-12,-16,-10,-16,19,30,82,0.0,1013,-11,10,239,11,"marquette,mi"
2019-01-03 07:00:00,-2,-11,0.9,3.3,2,11,07:15 AM,04:39 PM,09:34 AM,06:15 PM,-12,-16,-10,-16,19,33,83,0.0,1012,-11,10,236,12,"marquette,mi"
2019-01-03 08:00:00,-2,-11,0.9,3.3,2,11,07:15 AM,04:39 PM,09:34 AM,06:15 PM,-12,-16,-10,-16,18,36,84,0.0,1012,-10,10,234,12,"marquette,mi"
2019-01-03 09:00:00,-2,-11,0.9,3.3,2,11,07:15 AM,04:39 PM,09:34 AM,06:15 PM,-11,-15,-9,-15,18,39,85,0.0,1012,-10,10,231,12,"marquette,mi"
2019-01-03 10:00:00,-2,-11,0.9,3.3,2,11,07:15 AM,04:39 PM,09:34 AM,06:15 PM,-10,-14,-8,-14,19,49,84,0.0,1011,-9,10,225,14,"marquette,mi"
2019-01-03 11:00:00,-2,-11,0.9,3.3,2,11,07:15 AM,04:39 PM,09:34 AM,06:15 PM,-9,-13,-7,-13,20,59,82,0.0,1010,-8,10,220,15,"marquette,mi"
2019-01-03 12:00:00,-2,-11,0.9,3.3,2,11,07:15 AM,04:39 PM,09:34 AM,06:15 PM,-8,-12,-6,-12,21,69,80,0.0,1009,-7,10,215,16,"marquette,mi"
2019-01-03 13:00:00,-2,-11,0.9,3.3,2,11,07:15 AM,04:39 PM,09:34 AM,06:15 PM,-7,-10,-4,-10,22,80,78,0.0,1008,-5,9,215,18,"marquette,mi"
2019-01-03 14:00:00,-2,-11,0.9,3.3,2,11,07:15 AM,04:39 PM,09:34 AM,06:15 PM,-6,-9,-3,-9,23,90,76,0.3,1007,-4,8,215,19,"marquette,mi"
2019-01-03 15:00:00,-2,-11,0.9,3.3,2,11,07:15 AM,04:39 PM,09:34 AM,06:15 PM,-5,-7,-1,-7,23,100,74,0.4,1006,-2,7,215,20,"marquette,mi"
2019-01-03 16:00:00,-2,-11,0.9,3.3,2,11,07:15 AM,04:39 PM,09:34 AM,06:15 PM,-5,-8,-2,-8,23,98,75,0.2,1005,-2,6,218,20,"marquette,mi"
2019-01-03 17:00:00,-2,-11,0.9,3.3,2,11,07:15 AM,04:39 PM,09:34 AM,06:15 PM,-6,-8,-2,-8,23,96,77,1.0,1004,-3,5,221,19,"marquette,mi"
2019-01-03 18:00:00,-2,-11,0.9,3.3,2,11,07:15 AM,04:39 PM,09:34 AM,06:15 PM,-6,-8,-2,-8,23,94,78,1.3,1004,-3,4,224,18,"marquette,mi"
2019-01-03 19:00:00,-2,-11,0.9,3.3,2,11,07:15 AM,04:39 PM,09:34 AM,06:15 PM,-5,-9,-3,-9,22,85,80,0.7,1003,-4,6,225,18,"marquette,mi"
2019-01-03 20:00:00,-2,-11,0.9,3.3,2,11,07:15 AM,04:39 PM,09:34 AM,06:15 PM,-5,-9,-3,-9,21,76,83,0.7,1002,-5,8,227,17,"marquette,mi"
2019-01-03 21:00:00,-2,-11,0.9,3.3,2,11,07:15 AM,04:39 PM,09:34 AM,06:15 PM,-5,-9,-4,-9,21,67,85,0.9,1001,-6,9,228,17,"marquette,mi"
2019-01-03 22:00:00,-2,-11,0.9,3.3,2,11,07:15 AM,04:39 PM,09:34 AM,06:15 PM,-4,-9,-4,-9,21,61,86,0.5,1001,-6,10,231,16,"marquette,mi"
2019-01-03 23:00:00,-2,-11,0.9,3.3,2,11,07:15 AM,04:39 PM,09:34 AM,06:15 PM,-4,-8,-4,-8,21,56,87,0.0,1002,-6,10,235,16,"marquette,mi"
2019-01-04 00:00:00,0,-3,0.0,8.7,1,4,08:15 AM,05:21 PM,09:34 AM,06:16 PM,-4,-8,-4,-8,22,51,87,0.0,1002,-7,10,238,15,"marquette,mi"
2019-01-04 01:00:00,0,-3,0.0,8.7,1,4,08:15 AM,05:21 PM,09:34 AM,06:16 PM,-4,-8,-3,-8,23,53,87,0.0,1003,-5,10,241,15,"marquette,mi"
2019-01-04 02:00:00,0,-3,0.0,8.7,1,4,08:15 AM,05:21 PM,09:34 AM,06:16 PM,-4,-7,-3,-7,24,56,88,0.0,1005,-4,10,243,15,"marquette,mi"
2019-01-04 03:00:00,0,-3,0.0,8.7,1,4,08:15 AM,05:21 PM,09:34 AM,06:16 PM,-4,-7,-2,-7,24,58,88,0.0,1006,-3,10,246,14,"marquette,mi"
2019-01-04 04:00:00,0,-3,0.0,8.7,1,4,08:15 AM,05:21 PM,09:34 AM,06:16 PM,-4,-7,-2,-7,24,43,88,0.0,1006,-3,10,251,13,"marquette,mi"
2019-01-04 05:00:00,0,-3,0.0,8.7,1,4,08:15 AM,05:21 PM,09:34 AM,06:16 PM,-4,-6,-2,-6,24,28,89,0.0,1006,-3,10,257,12,"marquette,mi"
2019-01-04 06:00:00,0,-3,0.0,8.7,1,4,08:15 AM,05:21 PM,09:34 AM,06:16 PM,-4,-6,-2,-6,24,13,90,0.0,1006,-3,10,262,12,"marquette,mi"
2019-01-04 07:00:00,0,-3,0.0,8.7,1,4,08:15 AM,05:21 PM,09:34 AM,06:16 PM,-4,-6,-2,-6,22,15,88,0.0,1006,-3,10,271,12,"marquette,mi"
2019-01-04 08:00:00,0,-3,0.0,8.7,1,4,08:15 AM,05:21 PM,09:34 AM,06:16 PM,-4,-6,-2,-6,21,17,87,0.0,1006,-3,10,280,12,"marquette,mi"
2019-01-04 09:00:00,0,-3,0.0,8.7,1,4,08:15 AM,05:21 PM,09:34 AM,06:16 PM,-4,-6,-2,-6,20,20,85,0.0,1006,-3,10,289,12,"marquette,mi"
2019-01-04 10:00:00,0,-3,0.0,8.7,1,4,08:15 AM,05:21 PM,09:34 AM,06:16 PM,-3,-6,-1,-6,17,24,83,0.0,1006,-2,10,292,12,"marquette,mi"
2019-01-04 11:00:00,0,-3,0.0,8.7,1,4,08:15 AM,05:21 PM,09:34 AM,06:16 PM,-3,-5,-1,-5,14,29,81,0.0,1006,-2,10,294,12,"marquette,mi"
2019-01-04 12:00:00,0,-3,0.0,8.7,1,4,08:15 AM,05:21 PM,09:34 AM,06:16 PM,-3,-4,-0,-4,11,33,79,0.0,1006,-1,10,297,11,"marquette,mi"
2019-01-04 13:00:00,0,-3,0.0,8.7,1,4,08:15 AM,05:21 PM,09:34 AM,06:16 PM,-3,-4,0,-4,9,35,79,0.0,1006,-1,9,278,11,"marquette,mi"
2019-01-04 14:00:00,0,-3,0.0,8.7,1,4,08:15 AM,05:21 PM,09:34 AM,06:16 PM,-2,-4,0,-4,7,36,78,0.0,1006,-0,8,259,11,"marquette,mi"
2019-01-04 15:00:00,0,-3,0.0,8.7,1,4,08:15 AM,05:21 PM,09:34 AM,06:16 PM,-2,-3,1,-3,5,38,77,0.0,1006,-0,7,239,10,"marquette,mi"
2019-01-04 16:00:00,0,-3,0.0,8.7,1,4,08:15 AM,05:21 PM,09:34 AM,06:16 PM,-3,-4,0,-4,7,36,78,0.0,1006,-1,6,222,10,"marquette,mi"
2019-01-04 17:00:00,0,-3,0.0,8.7,1,4,08:15 AM,05:21 PM,09:34 AM,06:16 PM,-3,-4,-0,-4,8,35,78,0.0,1005,-1,4,205,10,"marquette,mi"
2019-01-04 18:00:00,0,-3,0.0,8.7,1,4,08:15 AM,05:21 PM,09:34 AM,06:16 PM,-4,-5,-1,-5,10,34,79,0.0,1005,-2,2,188,9,"marquette,mi"
2019-01-04 19:00:00,0,-3,0.0,8.7,1,4,08:15 AM,05:21 PM,09:34 AM,06:16 PM,-4,-5,-1,-5,11,31,79,0.0,1005,-2,3,197,9,"marquette,mi"
2019-01-04 20:00:00,0,-3,0.0,8.7,1,4,08:15 AM,05:21 PM,09:34 AM,06:16 PM,-5,-6,-2,-6,11,27,80,0.0,1005,-3,4,205,9,"marquette,mi"
2019-01-04 21:00:00,0,-3,0.0,8.7,1,4,08:15 AM,05:21 PM,09:34 AM,06:16 PM,-5,-6,-2,-6,12,24,80,0.0,1005,-3,5,214,9,"marquette,mi"
2019-01-04 22:00:00,0,-3,0.0,8.7,1,4,08:15 AM,05:21 PM,09:34 AM,06:16 PM,-5,-7,-3,-7,13,21,83,0.0,1006,-3,6,217,9,"marquette,mi"
2019-01-04 23:00:00,0,-3,0.0,8.7,1,4,08:15 AM,05:21 PM,09:34 AM,06:16 PM,-4,-7,-3,-7,13,18,85,0.0,1007,-4,8,219,9,"marquette,mi"
2019-01-05 00:00:00,1,-4,0.1,3.3,2,0,09:09 AM,06:08 PM,09:34 AM,06:17 PM,-4,-7,-3,-7,13,15,88,0.0,1008,-4,10,222,9,"marquette,mi"
2019-01-05 01:00:00,1,-4,0.1,3.3,2,0,09:09 AM,06:08 PM,09:34 AM,06:17 PM,-4,-7,-3,-7,14,21,87,0.0,1008,-4,10,222,10,"marquette,mi"
2019-01-05 02:00:00,1,-4,0.1,3.3,2,0,09:09 AM,06:08 PM,09:34 AM,06:17 PM,-4,-7,-3,-7,15,28,87,0.0,1008,-4,10,222,10,"marquette,mi"
2019-01-05 03:00:00,1,-4,0.1,3.3,2,0,09:09 AM,06:08 PM,09:34 AM,06:17 PM,-4,-7,-3,-7,16,35,87,0.0,1008,-4,10,222,10,"marquette,mi"
2019-01-05 04:00:00,1,-4,0.1,3.3,2,0,09:09 AM,06:08 PM,09:34 AM,06:17 PM,-4,-7,-3,-7,16,37,88,0.0,1008,-4,10,221,11,"marquette,mi"
2019-01-05 05:00:00,1,-4,0.1,3.3,2,0,09:09 AM,06:08 PM,09:34 AM,06:17 PM,-5,-8,-3,-8,17,39,88,0.0,1007,-4,10,220,11,"marquette,mi"
2019-01-05 06:00:00,1,-4,0.1,3.3,2,0,09:09 AM,06:08 PM,09:34 AM,06:17 PM,-5,-8,-3,-8,17,41,89,0.0,1007,-4,10,220,12,"marquette,mi"
2019-01-05 07:00:00,1,-4,0.1,3.3,2,0,09:09 AM,06:08 PM,09:34 AM,06:17 PM,-5,-8,-3,-8,17,38,89,0.0,1007,-3,10,230,12,"marquette,mi"
2019-01-05 08:00:00,1,-4,0.1,3.3,2,0,09:09 AM,06:08 PM,09:34 AM,06:17 PM,-5,-7,-2,-7,16,35,89,0.0,1007,-3,10,240,13,"marquette,mi"
2019-01-05 09:00:00,1,-4,0.1,3.3,2,0,09:09 AM,06:08 PM,09:34 AM,06:17 PM,-5,-7,-2,-7,16,32,89,0.0,1007,-3,10,250,14,"marquette,mi"
2019-01-05 10:00:00,1,-4,0.1,3.3,2,0,09:09 AM,06:08 PM,09:34 AM,06:17 PM,-5,-7,-2,-7,16,45,86,0.0,1008,-3,10,264,14,"marquette,mi"
2019-01-05 11:00:00,1,-4,0.1,3.3,2,0,09:09 AM,06:08 PM,09:34 AM,06:17 PM,-5,-7,-2,-7,15,58,83,0.0,1009,-2,10,278,15,"marquette,mi"
2019-01-05 12:00:00,1,-4,0.1,3.3,2,0,09:09 AM,06:08 PM,09:34 AM,06:17 PM,-5,-6,-1,-6,14,72,80,0.0,1010,-2,10,292,15,"marquette,mi"
2019-01-05 13:00:00,1,-4,0.1,3.3,2,0,09:09 AM,06:08 PM,09:34 AM,06:17 PM,-4,-5,-0,-5,16,79,78,0.0,1008,-1,10,295,16,"marquette,mi"
2019-01-05 14:00:00,1,-4,0.1,3.3,2,0,09:09 AM,06:08 PM,09:34 AM,06:17 PM,-4,-4,1,-4,18,87,76,0.0,1007,-0,10,297,16,"marquette,mi"
2019-01-05 15:00:00,1,-4,0.1,3.3,2,0,09:09 AM,06:08 PM,09:34 AM,06:17 PM,-3,-3,2,-3,20,95,73,0.0,1006,1,10,300,17,"marquette,mi"
2019-01-05 16:00:00,1,-4,0.1,3.3,2,0,09:09 AM,06:08 PM,09:34 AM,06:17 PM,-3,-4,1,-4,21,97,74,0.0,1006,0,9,306,17,"marquette,mi"
2019-01-05 17:00:00,1,-4,0.1,3.3,2,0,09:09 AM,06:08 PM,09:34 AM,06:17 PM,-3,-4,1,-4,22,98,74,0.0,1007,-0,9,312,16,"marquette,mi"
2019-01-05 18:00:00,1,-4,0.1,3.3,2,0,09:09 AM,06:08 PM,09:34 AM,06:17 PM,-3,-5,0,-5,23,100,74,0.0,1008,-1,8,317,16,"marquette,mi"
2019-01-05 19:00:00,1,-4,0.1,3.3,2,0,09:09 AM,06:08 PM,09:34 AM,06:17 PM,-4,-5,-0,-5,22,95,76,0.0,1009,-1,7,324,16,"marquette,mi"
2019-01-05 20:00:00,1,-4,0.1,3.3,2,0,09:09 AM,06:08 PM,09:34 AM,06:17 PM,-4,-6,-1,-6,21,90,79,0.0,1010,-2,7,331,15,"marquette,mi"
2019-01-05 21:00:00,1,-4,0.1,3.3,2,0,09:09 AM,06:08 PM,09:34 AM,06:17 PM,-4,-6,-1,-6,21,85,81,0.0,1011,-2,6,338,15,"marquette,mi"
2019-01-05 22:00:00,1,-4,0.1,3.3,2,0,09:09 AM,06:08 PM,09:34 AM,06:17 PM,-4,-6,-2,-6,20,76,83,0.0,1012,-2,6,338,14,"marquette,mi"
2019-01-05 23:00:00,1,-4,0.1,3.3,2,0,09:09 AM,06:08 PM,09:34 AM,06:17 PM,-4,-7,-2,-7,20,67,84,0.0,1013,-3,7,338,13,"marquette,mi"
2019-01-06 00:00:00,-4,-5,0.4,3.3,1,0,09:57 AM,07:01 PM,09:33 AM,06:18 PM,-4,-7,-2,-7,19,58,86,0.0,1014,-3,7,338,13,"marquette,mi"
2019-01-06 01:00:00,-4,-5,0.4,3.3,1,0,09:57 AM,07:01 PM,09:33 AM,06:18 PM,-4,-7,-2,-7,19,59,87,0.0,1016,-3,7,341,12,"marquette,mi"
2019-01-06 02:00:00,-4,-5,0.4,3.3,1,0,09:57 AM,07:01 PM,09:33 AM,06:18 PM,-4,-6,-2,-6,18,61,89,0.1,1018,-3,8,343,11,"marquette,mi"
2019-01-06 03:00:00,-4,-5,0.4,3.3,1,0,09:57 AM,07:01 PM,09:33 AM,06:18 PM,-4,-6,-2,-6,18,62,90,0.1,1020,-3,8,346,10,"marquette,mi"
2019-01-06 04:00:00,-4,-5,0.4,3.3,1,0,09:57 AM,07:01 PM,09:33 AM,06:18 PM,-4,-7,-3,-7,18,60,89,0.0,1020,-3,9,347,10,"marquette,mi"
2019-01-06 05:00:00,-4,-5,0.4,3.3,1,0,09:57 AM,07:01 PM,09:33 AM,06:18 PM,-5,-7,-3,-7,18,58,88,0.0,1021,-4,9,348,11,"marquette,mi"
2019-01-06 06:00:00,-4,-5,0.4,3.3,1,0,09:57 AM,07:01 PM,09:33 AM,06:18 PM,-5,-7,-3,-7,17,57,87,0.0,1022,-4,10,348,11,"marquette,mi"
2019-01-06 07:00:00,-4,-5,0.4,3.3,1,0,09:57 AM,07:01 PM,09:33 AM,06:18 PM,-6,-8,-4,-8,17,57,86,0.0,1022,-4,10,311,11,"marquette,mi"
2019-01-06 08:00:00,-4,-5,0.4,3.3,1,0,09:57 AM,07:01 PM,09:33 AM,06:18 PM,-6,-8,-4,-8,17,58,86,0.0,1023,-5,10,274,10,"marquette,mi"
2019-01-06 09:00:00,-4,-5,0.4,3.3,1,0,09:57 AM,07:01 PM,09:33 AM,06:18 PM,-6,-8,-4,-8,16,59,85,0.0,1024,-5,10,237,10,"marquette,mi"
2019-01-06 10:00:00,-4,-5,0.4,3.3,1,0,09:57 AM,07:01 PM,09:33 AM,06:18 PM,-7,-8,-4,-8,15,63,83,0.0,1024,-5,9,171,10,"marquette,mi"
2019-01-06 11:00:00,-4,-5,0.4,3.3,1,0,09:57 AM,07:01 PM,09:33 AM,06:18 PM,-7,-8,-4,-8,15,67,81,0.0,1024,-5,9,105,10,"marquette,mi"
2019-01-06 12:00:00,-4,-5,0.4,3.3,1,0,09:57 AM,07:01 PM,09:33 AM,06:18 PM,-7,-8,-4,-8,14,71,79,0.0,1024,-5,8,39,9,"marquette,mi"
2019-01-06 13:00:00,-4,-5,0.4,3.3,1,0,09:57 AM,07:01 PM,09:33 AM,06:18 PM,-7,-8,-3,-8,14,81,77,0.0,1024,-4,8,58,9,"marquette,mi"
2019-01-06 14:00:00,-4,-5,0.4,3.3,1,0,09:57 AM,07:01 PM,09:33 AM,06:18 PM,-7,-7,-3,-7,13,90,76,0.0,1023,-4,7,77,10,"marquette,mi"
2019-01-06 15:00:00,-4,-5,0.4,3.3,1,0,09:57 AM,07:01 PM,09:33 AM,06:18 PM,-7,-7,-3,-7,13,99,74,0.0,1023,-4,7,96,10,"marquette,mi"
2019-01-06 16:00:00,-4,-5,0.4,3.3,1,0,09:57 AM,07:01 PM,09:33 AM,06:18 PM,-7,-8,-3,-8,14,99,75,0.0,1023,-4,8,106,11,"marquette,mi"
2019-01-06 17:00:00,-4,-5,0.4,3.3,1,0,09:57 AM,07:01 PM,09:33 AM,06:18 PM,-7,-8,-3,-8,14,99,75,0.0,1023,-4,9,117,11,"marquette,mi"
2019-01-06 18:00:00,-4,-5,0.4,3.3,1,0,09:57 AM,07:01 PM,09:33 AM,06:18 PM,-7,-8,-3,-8,15,99,76,0.0,1023,-4,10,127,12,"marquette,mi"
2019-01-06 19:00:00,-4,-5,0.4,3.3,1,0,09:57 AM,07:01 PM,09:33 AM,06:18 PM,-7,-8,-3,-8,17,97,77,0.0,1023,-4,10,132,12,"marquette,mi"
2019-01-06 20:00:00,-4,-5,0.4,3.3,1,0,09:57 AM,07:01 PM,09:33 AM,06:18 PM,-6,-8,-3,-8,19,94,79,0.0,1022,-4,10,137,12,"marquette,mi"
2019-01-06 21:00:00,-4,-5,0.4,3.3,1,0,09:57 AM,07:01 PM,09:33 AM,06:18 PM,-6,-9,-4,-9,22,92,80,0.0,1022,-5,10,142,13,"marquette,mi"
2019-01-06 22:00:00,-4,-5,0.4,3.3,1,0,09:57 AM,07:01 PM,09:33 AM,06:18 PM,-7,-9,-4,-9,24,91,82,0.0,1022,-5,10,142,12,"marquette,mi"
2019-01-06 23:00:00,-4,-5,0.4,3.3,1,0,09:57 AM,07:01 PM,09:33 AM,06:18 PM,-7,-10,-5,-10,27,89,84,0.0,1022,-5,10,143,12,"marquette,mi"
2019-01-07 00:00:00,-1,-5,5.3,3.3,1,3,10:38 AM,07:58 PM,09:33 AM,06:19 PM,-7,-10,-5,-10,29,88,86,0.0,1022,-6,10,144,12,"marquette,mi"
2019-01-07 01:00:00,-1,-5,5.3,3.3,1,3,10:38 AM,07:58 PM,09:33 AM,06:19 PM,-7,-10,-5,-10,31,92,86,0.0,1022,-6,9,145,12,"marquette,mi"
2019-01-07 02:00:00,-1,-5,5.3,3.3,1,3,10:38 AM,07:58 PM,09:33 AM,06:19 PM,-7,-10,-5,-10,33,96,87,0.3,1021,-6,8,146,12,"marquette,mi"
2019-01-07 03:00:00,-1,-5,5.3,3.3,1,3,10:38 AM,07:58 PM,09:33 AM,06:19 PM,-6,-10,-5,-10,36,100,87,0.4,1021,-6,7,147,13,"marquette,mi"
2019-01-07 04:00:00,-1,-5,5.3,3.3,1,3,10:38 AM,07:58 PM,09:33 AM,06:19 PM,-6,-10,-4,-10,37,100,88,0.2,1020,-5,5,148,13,"marquette,mi"
2019-01-07 05:00:00,-1,-5,5.3,3.3,1,3,10:38 AM,07:58 PM,09:33 AM,06:19 PM,-5,-10,-4,-10,38,100,89,1.2,1020,-5,3,149,14,"marquette,mi"
2019-01-07 06:00:00,-1,-5,5.3,3.3,1,3,10:38 AM,07:58 PM,09:33 AM,06:19 PM,-5,-10,-4,-10,39,100,90,1.6,1019,-5,1,150,15,"marquette,mi"
2019-01-07 07:00:00,-1,-5,5.3,3.3,1,3,10:38 AM,07:58 PM,09:33 AM,06:19 PM,-5,-10,-4,-10,39,100,90,0.8,1018,-5,1,152,15,"marquette,mi"
2019-01-07 08:00:00,-1,-5,5.3,3.3,1,3,10:38 AM,07:58 PM,09:33 AM,06:19 PM,-5,-10,-4,-10,40,100,91,1.6,1017,-5,1,153,16,"marquette,mi"
2019-01-07 09:00:00,-1,-5,5.3,3.3,1,3,10:38 AM,07:58 PM,09:33 AM,06:19 PM,-5,-10,-4,-10,40,100,92,2.1,1016,-5,1,155,16,"marquette,mi"
2019-01-07 10:00:00,-1,-5,5.3,3.3,1,3,10:38 AM,07:58 PM,09:33 AM,06:19 PM,-4,-9,-3,-9,40,100,92,1.1,1015,-4,1,156,17,"marquette,mi"
2019-01-07 11:00:00,-1,-5,5.3,3.3,1,3,10:38 AM,07:58 PM,09:33 AM,06:19 PM,-4,-9,-3,-9,40,100,92,0.8,1014,-4,1,157,17,"marquette,mi"
2019-01-07 12:00:00,-1,-5,5.3,3.3,1,3,10:38 AM,07:58 PM,09:33 AM,06:19 PM,-4,-8,-3,-8,40,100,92,1.1,1013,-4,1,158,18,"marquette,mi"
2019-01-07 13:00:00,-1,-5,5.3,3.3,1,3,10:38 AM,07:58 PM,09:33 AM,06:19 PM,-3,-8,-2,-8,39,100,91,0.6,1012,-3,2,160,17,"marquette,mi"
2019-01-07 14:00:00,-1,-5,5.3,3.3,1,3,10:38 AM,07:58 PM,09:33 AM,06:19 PM,-3,-7,-2,-7,38,100,89,0.9,1011,-3,3,162,16,"marquette,mi"
2019-01-07 15:00:00,-1,-5,5.3,3.3,1,3,10:38 AM,07:58 PM,09:33 AM,06:19 PM,-3,-6,-1,-6,37,100,88,1.2,1010,-2,4,164,15,"marquette,mi"
2019-01-07 16:00:00,-1,-5,5.3,3.3,1,3,10:38 AM,07:58 PM,09:33 AM,06:19 PM,-3,-6,-1,-6,34,100,86,0.6,1010,-2,6,169,13,"marquette,mi"
2019-01-07 17:00:00,-1,-5,5.3,3.3,1,3,10:38 AM,07:58 PM,09:33 AM,06:19 PM,-3,-5,-1,-5,30,100,85,0.6,1009,-2,7,175,10,"marquette,mi"
2019-01-07 18:00:00,-1,-5,5.3,3.3,1,3,10:38 AM,07:58 PM,09:33 AM,06:19 PM,-3,-5,-1,-5,27,100,84,0.8,1009,-2,9,181,8,"marquette,mi"
2019-01-07 19:00:00,-1,-5,5.3,3.3,1,3,10:38 AM,07:58 PM,09:33 AM,06:19 PM,-3,-5,-1,-5,24,97,85,0.4,1008,-2,9,199,9,"marquette,mi"
2019-01-07 20:00:00,-1,-5,5.3,3.3,1,3,10:38 AM,07:58 PM,09:33 AM,06:19 PM,-4,-6,-2,-6,21,95,86,0.5,1007,-2,9,217,9,"marquette,mi"
2019-01-07 21:00:00,-1,-5,5.3,3.3,1,3,10:38 AM,07:58 PM,09:33 AM,06:19 PM,-4,-6,-2,-6,18,92,87,0.7,1006,-3,9,236,9,"marquette,mi"
2019-01-07 22:00:00,-1,-5,5.3,3.3,1,3,10:38 AM,07:58 PM,09:33 AM,06:19 PM,-4,-6,-2,-6,21,87,88,0.4,1007,-3,10,249,9,"marquette,mi"
2019-01-07 23:00:00,-1,-5,5.3,3.3,1,3,10:38 AM,07:58 PM,09:33 AM,06:19 PM,-4,-6,-2,-6,24,82,89,0.0,1007,-3,10,263,9,"marquette,mi"
2019-01-08 00:00:00,-2,-5,0.5,3.3,1,10,11:14 AM,08:58 PM,09:33 AM,06:20 PM,-4,-6,-2,-6,27,76,90,0.0,1007,-3,10,277,9,"marquette,mi"
2019-01-08 01:00:00,-2,-5,0.5,3.3,1,10,11:14 AM,08:58 PM,09:33 AM,06:20 PM,-4,-6,-2,-6,27,79,90,0.0,1007,-3,10,271,10,"marquette,mi"
2019-01-08 02:00:00,-2,-5,0.5,3.3,1,10,11:14 AM,08:58 PM,09:33 AM,06:20 PM,-4,-7,-3,-7,27,81,91,0.0,1007,-3,10,265,10,"marquette,mi"
2019-01-08 03:00:00,-2,-5,0.5,3.3,1,10,11:14 AM,08:58 PM,09:33 AM,06:20 PM,-4,-7,-3,-7,27,83,91,0.0,1006,-4,10,259,10,"marquette,mi"
2019-01-08 04:00:00,-2,-5,0.5,3.3,1,10,11:14 AM,08:58 PM,09:33 AM,06:20 PM,-3,-6,-2,-6,26,87,91,0.0,1005,-3,10,258,11,"marquette,mi"
2019-01-08 05:00:00,-2,-5,0.5,3.3,1,10,11:14 AM,08:58 PM,09:33 AM,06:20 PM,-3,-6,-2,-6,25,92,90,0.0,1004,-3,10,257,11,"marquette,mi"
2019-01-08 06:00:00,-2,-5,0.5,3.3,1,10,11:14 AM,08:58 PM,09:33 AM,06:20 PM,-3,-6,-2,-6,23,97,89,0.0,1003,-3,10,257,12,"marquette,mi"
2019-01-08 07:00:00,-2,-5,0.5,3.3,1,10,11:14 AM,08:58 PM,09:33 AM,06:20 PM,-3,-6,-2,-6,21,97,89,0.0,1005,-2,10,260,12,"marquette,mi"
2019-01-08 08:00:00,-2,-5,0.5,3.3,1,10,11:14 AM,08:58 PM,09:33 AM,06:20 PM,-3,-6,-1,-6,18,98,88,0.0,1006,-2,10,263,12,"marquette,mi"
2019-01-08 09:00:00,-2,-5,0.5,3.3,1,10,11:14 AM,08:58 PM,09:33 AM,06:20 PM,-3,-6,-1,-6,16,98,88,0.0,1007,-2,10,267,12,"marquette,mi"
2019-01-08 10:00:00,-2,-5,0.5,3.3,1,10,11:14 AM,08:58 PM,09:33 AM,06:20 PM,-4,-6,-2,-6,16,97,87,0.0,1009,-2,10,273,12,"marquette,mi"
2019-01-08 11:00:00,-2,-5,0.5,3.3,1,10,11:14 AM,08:58 PM,09:33 AM,06:20 PM,-4,-7,-2,-7,17,97,87,0.0,1010,-3,10,279,12,"marquette,mi"
2019-01-08 12:00:00,-2,-5,0.5,3.3,1,10,11:14 AM,08:58 PM,09:33 AM,06:20 PM,-5,-7,-2,-7,17,96,86,0.0,1011,-3,10,285,13,"marquette,mi"
2019-01-08 13:00:00,-2,-5,0.5,3.3,1,10,11:14 AM,08:58 PM,09:33 AM,06:20 PM,-5,-8,-3,-8,19,97,82,0.0,1009,-3,10,286,15,"marquette,mi"
2019-01-08 14:00:00,-2,-5,0.5,3.3,1,10,11:14 AM,08:58 PM,09:33 AM,06:20 PM,-6,-9,-3,-9,20,99,79,0.0,1008,-4,9,287,17,"marquette,mi"
2019-01-08 15:00:00,-2,-5,0.5,3.3,1,10,11:14 AM,08:58 PM,09:33 AM,06:20 PM,-7,-9,-3,-9,22,100,75,0.0,1006,-4,9,288,19,"marquette,mi"
2019-01-08 16:00:00,-2,-5,0.5,3.3,1,10,11:14 AM,08:58 PM,09:33 AM,06:20 PM,-7,-10,-4,-10,23,100,74,0.0,1007,-4,8,288,19,"marquette,mi"
2019-01-08 17:00:00,-2,-5,0.5,3.3,1,10,11:14 AM,08:58 PM,09:33 AM,06:20 PM,-7,-10,-4,-10,24,100,74,0.1,1008,-5,7,288,19,"marquette,mi"
2019-01-08 18:00:00,-2,-5,0.5,3.3,1,10,11:14 AM,08:58 PM,09:33 AM,06:20 PM,-7,-10,-4,-10,25,100,73,0.1,1009,-5,5,288,19,"marquette,mi"
2019-01-08 19:00:00,-2,-5,0.5,3.3,1,10,11:14 AM,08:58 PM,09:33 AM,06:20 PM,-7,-10,-4,-10,26,100,75,0.0,1010,-5,5,288,20,"marquette,mi"
2019-01-08 20:00:00,-2,-5,0.5,3.3,1,10,11:14 AM,08:58 PM,09:33 AM,06:20 PM,-7,-11,-4,-11,26,100,77,0.1,1011,-5,4,288,20,"marquette,mi"
2019-01-08 21:00:00,-2,-5,0.5,3.3,1,10,11:14 AM,08:58 PM,09:33 AM,06:20 PM,-7,-11,-5,-11,27,100,79,0.1,1012,-6,3,288,21,"marquette,mi"
2019-01-08 22:00:00,-2,-5,0.5,3.3,1,10,11:14 AM,08:58 PM,09:33 AM,06:20 PM,-8,-12,-5,-12,27,100,77,0.1,1012,-6,3,292,21,"marquette,mi"
2019-01-08 23:00:00,-2,-5,0.5,3.3,1,10,11:14 AM,08:58 PM,09:33 AM,06:20 PM,-9,-13,-6,-13,27,100,76,0.1,1012,-7,4,295,21,"marquette,mi"
2019-01-09 00:00:00,-8,-9,1.9,3.3,1,18,11:44 AM,09:58 PM,09:33 AM,06:21 PM,-10,-14,-7,-14,27,100,75,0.1,1012,-8,4,299,22,"marquette,mi"
2019-01-09 01:00:00,-8,-9,1.9,3.3,1,18,11:44 AM,09:58 PM,09:33 AM,06:21 PM,-11,-15,-7,-15,27,100,76,0.1,1013,-8,3,303,21,"marquette,mi"
2019-01-09 02:00:00,-8,-9,1.9,3.3,1,18,11:44 AM,09:58 PM,09:33 AM,06:21 PM,-11,-15,-8,-15,27,100,77,0.1,1013,-8,3,307,21,"marquette,mi"
2019-01-09 03:00:00,-8,-9,1.9,3.3,1,18,11:44 AM,09:58 PM,09:33 AM,06:21 PM,-11,-16,-8,-16,27,100,77,0.2,1014,-9,2,311,20,"marquette,mi"
2019-01-09 04:00:00,-8,-9,1.9,3.3,1,18,11:44 AM,09:58 PM,09:33 AM,06:21 PM,-11,-15,-8,-15,27,99,78,0.1,1015,-9,2,313,20,"marquette,mi"
2019-01-09 05:00:00,-8,-9,1.9,3.3,1,18,11:44 AM,09:58 PM,09:33 AM,06:21 PM,-11,-15,-8,-15,27,98,78,0.1,1016,-9,2,315,20,"marquette,mi"
2019-01-09 06:00:00,-8,-9,1.9,3.3,1,18,11:44 AM,09:58 PM,09:33 AM,06:21 PM,-11,-15,-8,-15,27,97,79,0.1,1018,-9,2,317,20,"marquette,mi"
2019-01-09 07:00:00,-8,-9,1.9,3.3,1,18,11:44 AM,09:58 PM,09:33 AM,06:21 PM,-11,-15,-8,-15,28,95,79,0.1,1019,-8,3,318,21,"marquette,mi"
2019-01-09 08:00:00,-8,-9,1.9,3.3,1,18,11:44 AM,09:58 PM,09:33 AM,06:21 PM,-10,-15,-7,-15,28,94,80,0.1,1021,-8,4,319,22,"marquette,mi"
2019-01-09 09:00:00,-8,-9,1.9,3.3,1,18,11:44 AM,09:58 PM,09:33 AM,06:21 PM,-10,-15,-7,-15,29,93,80,0.1,1022,-8,5,320,23,"marquette,mi"
2019-01-09 10:00:00,-8,-9,1.9,3.3,1,18,11:44 AM,09:58 PM,09:33 AM,06:21 PM,-10,-15,-7,-15,29,95,80,0.1,1023,-8,6,321,23,"marquette,mi"
2019-01-09 11:00:00,-8,-9,1.9,3.3,1,18,11:44 AM,09:58 PM,09:33 AM,06:21 PM,-11,-15,-8,-15,30,98,80,0.0,1023,-8,7,322,23,"marquette,mi"
2019-01-09 12:00:00,-8,-9,1.9,3.3,1,18,11:44 AM,09:58 PM,09:33 AM,06:21 PM,-11,-16,-8,-16,30,100,79,0.0,1024,-9,8,323,23,"marquette,mi"
2019-01-09 13:00:00,-8,-9,1.9,3.3,1,18,11:44 AM,09:58 PM,09:33 AM,06:21 PM,-11,-15,-8,-15,30,100,78,0.0,1024,-8,7,324,23,"marquette,mi"
2019-01-09 14:00:00,-8,-9,1.9,3.3,1,18,11:44 AM,09:58 PM,09:33 AM,06:21 PM,-11,-15,-7,-15,29,100,76,0.1,1025,-8,6,325,23,"marquette,mi"
2019-01-09 15:00:00,-8,-9,1.9,3.3,1,18,11:44 AM,09:58 PM,09:33 AM,06:21 PM,-11,-15,-7,-15,29,100,75,0.1,1025,-8,5,326,23,"marquette,mi"
2019-01-09 16:00:00,-8,-9,1.9,3.3,1,18,11:44 AM,09:58 PM,09:33 AM,06:21 PM,-11,-15,-8,-15,29,100,75,0.0,1026,-9,5,327,22,"marquette,mi"
2019-01-09 17:00:00,-8,-9,1.9,3.3,1,18,11:44 AM,09:58 PM,09:33 AM,06:21 PM,-11,-15,-8,-15,30,100,76,0.1,1026,-9,4,328,21,"marquette,mi"
2019-01-09 18:00:00,-8,-9,1.9,3.3,1,18,11:44 AM,09:58 PM,09:33 AM,06:21 PM,-11,-14,-8,-14,31,100,76,0.1,1027,-10,4,329,19,"marquette,mi"
2019-01-09 19:00:00,-8,-9,1.9,3.3,1,18,11:44 AM,09:58 PM,09:33 AM,06:21 PM,-10,-14,-9,-14,31,100,79,0.1,1026,-12,4,331,17,"marquette,mi"
2019-01-09 20:00:00,-8,-9,1.9,3.3,1,18,11:44 AM,09:58 PM,09:33 AM,06:21 PM,-9,-15,-10,-15,31,100,82,0.1,1025,-13,3,333,14,"marquette,mi"
2019-01-09 21:00:00,-8,-9,1.9,3.3,1,18,11:44 AM,09:58 PM,09:33 AM,06:21 PM,-8,-15,-11,-15,31,100,85,0.1,1024,-15,3,335,12,"marquette,mi"
2019-01-09 22:00:00,-8,-9,1.9,3.3,1,18,11:44 AM,09:58 PM,09:33 AM,06:21 PM,-8,-16,-12,-16,30,99,86,0.1,1024,-15,3,336,12,"marquette,mi"
2019-01-09 23:00:00,-8,-9,1.9,3.3,1,18,11:44 AM,09:58 PM,09:33 AM,06:21 PM,-9,-17,-13,-17,30,99,86,0.1,1024,-15,4,337,13,"marquette,mi"
2019-01-10 00:00:00,-9,-11,0.9,3.3,1,25,12:11 PM,10:59 PM,09:32 AM,06:22 PM,-9,-18,-14,-18,30,99,87,0.1,1023,-16,4,338,13,"marquette,mi"
2019-01-10 01:00:00,-9,-11,0.9,3.3,1,25,12:11 PM,10:59 PM,09:32 AM,06:22 PM,-10,-17,-12,-17,29,98,87,0.1,1026,-14,4,338,13,"marquette,mi"
2019-01-10 02:00:00,-9,-11,0.9,3.3,1,25,12:11 PM,10:59 PM,09:32 AM,06:22 PM,-10,-16,-11,-16,28,97,87,0.1,1028,-12,3,338,13,"marquette,mi"
2019-01-10 03:00:00,-9,-11,0.9,3.3,1,25,12:11 PM,10:59 PM,09:32 AM,06:22 PM,-11,-15,-9,-15,27,96,87,0.1,1030,-10,3,339,14,"marquette,mi"
2019-01-10 04:00:00,-9,-11,0.9,3.3,1,25,12:11 PM,10:59 PM,09:32 AM,06:22 PM,-11,-15,-9,-15,27,96,86,0.1,1030,-10,4,339,14,"marquette,mi"
2019-01-10 05:00:00,-9,-11,0.9,3.3,1,25,12:11 PM,10:59 PM,09:32 AM,06:22 PM,-11,-15,-9,-15,26,96,86,0.0,1030,-10,4,340,14,"marquette,mi"
2019-01-10 06:00:00,-9,-11,0.9,3.3,1,25,12:11 PM,10:59 PM,09:32 AM,06:22 PM,-11,-15,-9,-15,25,97,86,0.0,1030,-10,5,341,14,"marquette,mi"
2019-01-10 07:00:00,-9,-11,0.9,3.3,1,25,12:11 PM,10:59 PM,09:32 AM,06:22 PM,-12,-16,-10,-16,25,98,85,0.0,1031,-10,6,342,14,"marquette,mi"
2019-01-10 08:00:00,-9,-11,0.9,3.3,1,25,12:11 PM,10:59 PM,09:32 AM,06:22 PM,-12,-16,-10,-16,24,99,84,0.0,1031,-11,6,343,15,"marquette,mi"
2019-01-10 09:00:00,-9,-11,0.9,3.3,1,25,12:11 PM,10:59 PM,09:32 AM,06:22 PM,-13,-17,-10,-17,24,100,82,0.0,1031,-11,7,344,15,"marquette,mi"
2019-01-10 10:00:00,-9,-11,0.9,3.3,1,25,12:11 PM,10:59 PM,09:32 AM,06:22 PM,-12,-16,-10,-16,23,100,82,0.0,1031,-11,7,346,14,"marquette,mi"
2019-01-10 11:00:00,-9,-11,0.9,3.3,1,25,12:11 PM,10:59 PM,09:32 AM,06:22 PM,-12,-16,-10,-16,22,100,81,0.0,1031,-10,8,348,13,"marquette,mi"
2019-01-10 12:00:00,-9,-11,0.9,3.3,1,25,12:11 PM,10:59 PM,09:32 AM,06:22 PM,-12,-15,-9,-15,21,100,81,0.0,1031,-10,8,350,12,"marquette,mi"
2019-01-10 13:00:00,-9,-11,0.9,3.3,1,25,12:11 PM,10:59 PM,09:32 AM,06:22 PM,-12,-15,-9,-15,19,100,79,0.0,1030,-10,7,351,12,"marquette,mi"
2019-01-10 14:00:00,-9,-11,0.9,3.3,1,25,12:11 PM,10:59 PM,09:32 AM,06:22 PM,-12,-14,-8,-14,18,100,77,0.0,1030,-9,6,353,12,"marquette,mi"
2019-01-10 15:00:00,-9,-11,0.9,3.3,1,25,12:11 PM,10:59 PM,09:32 AM,06:22 PM,-12,-14,-8,-14,17,100,76,0.0,1030,-9,5,355,12,"marquette,mi"
2019-01-10 16:00:00,-9,-11,0.9,3.3,1,25,12:11 PM,10:59 PM,09:32 AM,06:22 PM,-12,-14,-8,-14,16,100,75,0.0,1030,-9,5,353,11,"marquette,mi"
2019-01-10 17:00:00,-9,-11,0.9,3.3,1,25,12:11 PM,10:59 PM,09:32 AM,06:22 PM,-12,-14,-8,-14,15,100,75,0.0,1030,-9,5,352,10,"marquette,mi"
2019-01-10 18:00:00,-9,-11,0.9,3.3,1,25,12:11 PM,10:59 PM,09:32 AM,06:22 PM,-12,-14,-9,-14,13,100,75,0.0,1030,-10,5,350,9,"marquette,mi"
2019-01-10 19:00:00,-9,-11,0.9,3.3,1,25,12:11 PM,10:59 PM,09:32 AM,06:22 PM,-12,-14,-9,-14,12,100,77,0.0,1030,-10,6,348,8,"marquette,mi"
2019-01-10 20:00:00,-9,-11,0.9,3.3,1,25,12:11 PM,10:59 PM,09:32 AM,06:22 PM,-12,-13,-10,-13,11,100,80,0.0,1031,-10,6,346,7,"marquette,mi"
2019-01-10 21:00:00,-9,-11,0.9,3.3,1,25,12:11 PM,10:59 PM,09:32 AM,06:22 PM,-12,-13,-10,-13,9,100,82,0.0,1031,-11,7,344,6,"marquette,mi"
2019-01-10 22:00:00,-9,-11,0.9,3.3,1,25,12:11 PM,10:59 PM,09:32 AM,06:22 PM,-12,-12,-10,-12,8,99,84,0.0,1031,-11,8,333,6,"marquette,mi"
2019-01-10 23:00:00,-9,-11,0.9,3.3,1,25,12:11 PM,10:59 PM,09:32 AM,06:22 PM,-12,-11,-10,-11,6,98,87,0.0,1030,-11,9,323,5,"marquette,mi"
2019-01-11 00:00:00,-7,-11,1.0,3.3,1,32,12:35 PM,No moonset,09:32 AM,06:24 PM,-11,-10,-10,-10,5,97,89,0.0,1030,-11,10,312,4,"marquette,mi"
2019-01-11 01:00:00,-7,-11,1.0,3.3,1,32,12:35 PM,No moonset,09:32 AM,06:24 PM,-12,-10,-10,-10,5,95,88,0.0,1030,-11,10,283,5,"marquette,mi"
2019-01-11 02:00:00,-7,-11,1.0,3.3,1,32,12:35 PM,No moonset,09:32 AM,06:24 PM,-12,-11,-10,-11,6,94,87,0.0,1031,-11,10,255,5,"marquette,mi"
2019-01-11 03:00:00,-7,-11,1.0,3.3,1,32,12:35 PM,No moonset,09:32 AM,06:24 PM,-12,-11,-10,-11,6,93,86,0.0,1031,-11,10,226,6,"marquette,mi"
2019-01-11 04:00:00,-7,-11,1.0,3.3,1,32,12:35 PM,No moonset,09:32 AM,06:24 PM,-12,-12,-10,-12,6,95,86,0.0,1030,-11,10,218,7,"marquette,mi"
2019-01-11 05:00:00,-7,-11,1.0,3.3,1,32,12:35 PM,No moonset,09:32 AM,06:24 PM,-12,-13,-10,-13,7,98,85,0.0,1030,-11,10,210,7,"marquette,mi"
2019-01-11 06:00:00,-7,-11,1.0,3.3,1,32,12:35 PM,No moonset,09:32 AM,06:24 PM,-12,-14,-10,-14,7,100,84,0.0,1030,-11,10,203,8,"marquette,mi"
2019-01-11 07:00:00,-7,-11,1.0,3.3,1,32,12:35 PM,No moonset,09:32 AM,06:24 PM,-12,-14,-10,-14,8,99,85,0.0,1030,-11,10,194,7,"marquette,mi"
2019-01-11 08:00:00,-7,-11,1.0,3.3,1,32,12:35 PM,No moonset,09:32 AM,06:24 PM,-12,-14,-10,-14,9,99,85,0.0,1030,-10,10,185,7,"marquette,mi"
2019-01-11 09:00:00,-7,-11,1.0,3.3,1,32,12:35 PM,No moonset,09:32 AM,06:24 PM,-11,-13,-9,-13,9,98,85,0.0,1030,-10,10,176,6,"marquette,mi"
2019-01-11 10:00:00,-7,-11,1.0,3.3,1,32,12:35 PM,No moonset,09:32 AM,06:24 PM,-11,-13,-9,-13,10,97,84,0.0,1030,-9,9,174,7,"marquette,mi"
2019-01-11 11:00:00,-7,-11,1.0,3.3,1,32,12:35 PM,No moonset,09:32 AM,06:24 PM,-10,-12,-8,-12,11,97,82,0.0,1030,-9,9,172,8,"marquette,mi"
2019-01-11 12:00:00,-7,-11,1.0,3.3,1,32,12:35 PM,No moonset,09:32 AM,06:24 PM,-10,-12,-7,-12,12,96,81,0.0,1030,-8,8,170,9,"marquette,mi"
2019-01-11 13:00:00,-7,-11,1.0,3.3,1,32,12:35 PM,No moonset,09:32 AM,06:24 PM,-9,-11,-7,-11,12,97,80,0.0,1029,-8,7,166,9,"marquette,mi"
2019-01-11 14:00:00,-7,-11,1.0,3.3,1,32,12:35 PM,No moonset,09:32 AM,06:24 PM,-9,-11,-6,-11,12,99,79,0.1,1029,-7,5,163,8,"marquette,mi"
2019-01-11 15:00:00,-7,-11,1.0,3.3,1,32,12:35 PM,No moonset,09:32 AM,06:24 PM,-9,-11,-6,-11,12,100,79,0.1,1029,-7,4,159,8,"marquette,mi"
2019-01-11 16:00:00,-7,-11,1.0,3.3,1,32,12:35 PM,No moonset,09:32 AM,06:24 PM,-9,-11,-6,-11,12,100,79,0.0,1029,-7,3,149,8,"marquette,mi"
2019-01-11 17:00:00,-7,-11,1.0,3.3,1,32,12:35 PM,No moonset,09:32 AM,06:24 PM,-9,-11,-6,-11,12,100,79,0.1,1029,-7,3,139,8,"marquette,mi"
2019-01-11 18:00:00,-7,-11,1.0,3.3,1,32,12:35 PM,No moonset,09:32 AM,06:24 PM,-9,-11,-7,-11,12,100,80,0.2,1029,-8,2,129,8,"marquette,mi"
2019-01-11 19:00:00,-7,-11,1.0,3.3,1,32,12:35 PM,No moonset,09:32 AM,06:24 PM,-10,-12,-7,-12,12,100,81,0.1,1030,-8,2,127,8,"marquette,mi"
2019-01-11 20:00:00,-7,-11,1.0,3.3,1,32,12:35 PM,No moonset,09:32 AM,06:24 PM,-10,-13,-8,-13,12,100,83,0.2,1030,-9,2,124,8,"marquette,mi"
2019-01-11 21:00:00,-7,-11,1.0,3.3,1,32,12:35 PM,No moonset,09:32 AM,06:24 PM,-10,-14,-9,-14,13,100,85,0.2,1031,-10,2,121,8,"marquette,mi"
2019-01-11 22:00:00,-7,-11,1.0,3.3,1,32,12:35 PM,No moonset,09:32 AM,06:24 PM,-11,-14,-9,-14,12,100,87,0.1,1031,-10,2,120,7,"marquette,mi"
2019-01-11 23:00:00,-7,-11,1.0,3.3,1,32,12:35 PM,No moonset,09:32 AM,06:24 PM,-11,-14,-9,-14,12,100,88,0.1,1031,-10,2,119,7,"marquette,mi"
2019-01-12 00:00:00,-6,-10,0.9,5.1,1,39,12:58 PM,12:01 AM,09:31 AM,06:25 PM,-11,-14,-10,-14,12,100,90,0.2,1032,-11,2,118,6,"marquette,mi"
2019-01-12 01:00:00,-6,-10,0.9,5.1,1,39,12:58 PM,12:01 AM,09:31 AM,06:25 PM,-11,-14,-9,-14,12,100,90,0.1,1031,-10,3,112,6,"marquette,mi"
2019-01-12 02:00:00,-6,-10,0.9,5.1,1,39,12:58 PM,12:01 AM,09:31 AM,06:25 PM,-11,-13,-9,-13,12,100,90,0.1,1031,-10,4,106,5,"marquette,mi"
2019-01-12 03:00:00,-6,-10,0.9,5.1,1,39,12:58 PM,12:01 AM,09:31 AM,06:25 PM,-11,-13,-9,-13,12,100,90,0.2,1031,-10,5,100,5,"marquette,mi"
2019-01-12 04:00:00,-6,-10,0.9,5.1,1,39,12:58 PM,12:01 AM,09:31 AM,06:25 PM,-11,-13,-9,-13,12,100,90,0.1,1031,-10,6,95,5,"marquette,mi"
2019-01-12 05:00:00,-6,-10,0.9,5.1,1,39,12:58 PM,12:01 AM,09:31 AM,06:25 PM,-11,-13,-9,-13,13,100,90,0.0,1031,-10,7,90,6,"marquette,mi"
2019-01-12 06:00:00,-6,-10,0.9,5.1,1,39,12:58 PM,12:01 AM,09:31 AM,06:25 PM,-11,-13,-9,-13,13,100,89,0.0,1032,-10,8,85,6,"marquette,mi"
2019-01-12 07:00:00,-6,-10,0.9,5.1,1,39,12:58 PM,12:01 AM,09:31 AM,06:25 PM,-10,-13,-9,-13,14,100,90,0.0,1032,-10,7,84,7,"marquette,mi"
2019-01-12 08:00:00,-6,-10,0.9,5.1,1,39,12:58 PM,12:01 AM,09:31 AM,06:25 PM,-10,-13,-9,-13,15,100,91,0.0,1032,-9,6,82,7,"marquette,mi"
2019-01-12 09:00:00,-6,-10,0.9,5.1,1,39,12:58 PM,12:01 AM,09:31 AM,06:25 PM,-9,-13,-8,-13,16,100,91,0.0,1032,-9,5,81,8,"marquette,mi"
2019-01-12 10:00:00,-6,-10,0.9,5.1,1,39,12:58 PM,12:01 AM,09:31 AM,06:25 PM,-8,-13,-8,-13,16,100,92,0.0,1031,-8,6,82,9,"marquette,mi"
2019-01-12 11:00:00,-6,-10,0.9,5.1,1,39,12:58 PM,12:01 AM,09:31 AM,06:25 PM,-8,-12,-7,-12,16,100,92,0.0,1031,-8,6,83,10,"marquette,mi"
2019-01-12 12:00:00,-6,-10,0.9,5.1,1,39,12:58 PM,12:01 AM,09:31 AM,06:25 PM,-7,-11,-6,-11,16,100,93,0.0,1030,-7,7,84,11,"marquette,mi"
2019-01-12 13:00:00,-6,-10,0.9,5.1,1,39,12:58 PM,12:01 AM,09:31 AM,06:25 PM,-7,-11,-6,-11,15,96,91,0.0,1031,-7,8,84,12,"marquette,mi"
2019-01-12 14:00:00,-6,-10,0.9,5.1,1,39,12:58 PM,12:01 AM,09:31 AM,06:25 PM,-7,-11,-6,-11,15,91,89,0.0,1031,-7,9,84,12,"marquette,mi"
2019-01-12 15:00:00,-6,-10,0.9,5.1,1,39,12:58 PM,12:01 AM,09:31 AM,06:25 PM,-8,-11,-6,-11,14,87,87,0.0,1032,-7,10,84,13,"marquette,mi"
2019-01-12 16:00:00,-6,-10,0.9,5.1,1,39,12:58 PM,12:01 AM,09:31 AM,06:25 PM,-8,-11,-6,-11,14,75,86,0.0,1032,-7,10,82,12,"marquette,mi"
2019-01-12 17:00:00,-6,-10,0.9,5.1,1,39,12:58 PM,12:01 AM,09:31 AM,06:25 PM,-9,-12,-7,-12,13,63,85,0.0,1033,-8,10,81,10,"marquette,mi"
2019-01-12 18:00:00,-6,-10,0.9,5.1,1,39,12:58 PM,12:01 AM,09:31 AM,06:25 PM,-10,-13,-8,-13,13,51,84,0.0,1034,-9,10,79,9,"marquette,mi"
2019-01-12 19:00:00,-6,-10,0.9,5.1,1,39,12:58 PM,12:01 AM,09:31 AM,06:25 PM,-11,-13,-9,-13,12,40,85,0.0,1035,-10,10,84,8,"marquette,mi"
2019-01-12 20:00:00,-6,-10,0.9,5.1,1,39,12:58 PM,12:01 AM,09:31 AM,06:25 PM,-12,-13,-10,-13,12,30,86,0.0,1035,-11,10,88,7,"marquette,mi"
2019-01-12 21:00:00,-6,-10,0.9,5.1,1,39,12:58 PM,12:01 AM,09:31 AM,06:25 PM,-13,-14,-11,-14,12,19,87,0.0,1036,-12,10,93,6,"marquette,mi"
2019-01-12 22:00:00,-6,-10,0.9,5.1,1,39,12:58 PM,12:01 AM,09:31 AM,06:25 PM,-14,-14,-12,-14,10,13,87,0.0,1036,-13,10,104,5,"marquette,mi"
2019-01-12 23:00:00,-6,-10,0.9,5.1,1,39,12:58 PM,12:01 AM,09:31 AM,06:25 PM,-15,-14,-13,-14,9,7,86,0.0,1036,-14,10,115,5,"marquette,mi"
2019-01-13 00:00:00,-5,-19,0.0,6.9,2,47,01:21 PM,01:04 AM,09:31 AM,06:26 PM,-16,-14,-14,-14,8,1,86,0.0,1036,-15,10,126,4,"marquette,mi"
2019-01-13 01:00:00,-5,-19,0.0,6.9,2,47,01:21 PM,01:04 AM,09:31 AM,06:26 PM,-16,-14,-14,-14,8,1,85,0.0,1035,-15,10,143,4,"marquette,mi"
2019-01-13 02:00:00,-5,-19,0.0,6.9,2,47,01:21 PM,01:04 AM,09:31 AM,06:26 PM,-17,-15,-15,-15,7,2,85,0.0,1035,-16,10,160,4,"marquette,mi"
2019-01-13 03:00:00,-5,-19,0.0,6.9,2,47,01:21 PM,01:04 AM,09:31 AM,06:26 PM,-17,-15,-15,-15,7,2,84,0.0,1035,-16,10,177,4,"marquette,mi"
2019-01-13 04:00:00,-5,-19,0.0,6.9,2,47,01:21 PM,01:04 AM,09:31 AM,06:26 PM,-17,-15,-15,-15,7,3,84,0.0,1034,-16,10,186,4,"marquette,mi"
2019-01-13 05:00:00,-5,-19,0.0,6.9,2,47,01:21 PM,01:04 AM,09:31 AM,06:26 PM,-17,-15,-15,-15,8,3,84,0.0,1034,-16,10,195,5,"marquette,mi"
2019-01-13 06:00:00,-5,-19,0.0,6.9,2,47,01:21 PM,01:04 AM,09:31 AM,06:26 PM,-17,-15,-15,-15,8,4,84,0.0,1034,-16,10,204,5,"marquette,mi"
2019-01-13 07:00:00,-5,-19,0.0,6.9,2,47,01:21 PM,01:04 AM,09:31 AM,06:26 PM,-17,-16,-15,-16,10,5,83,0.0,1034,-16,10,207,6,"marquette,mi"
2019-01-13 08:00:00,-5,-19,0.0,6.9,2,47,01:21 PM,01:04 AM,09:31 AM,06:26 PM,-17,-16,-15,-16,11,7,82,0.0,1034,-16,10,210,6,"marquette,mi"
2019-01-13 09:00:00,-5,-19,0.0,6.9,2,47,01:21 PM,01:04 AM,09:31 AM,06:26 PM,-17,-16,-15,-16,12,8,81,0.0,1034,-16,10,214,7,"marquette,mi"
2019-01-13 10:00:00,-5,-19,0.0,6.9,2,47,01:21 PM,01:04 AM,09:31 AM,06:26 PM,-15,-15,-12,-15,13,15,79,0.0,1034,-13,10,214,7,"marquette,mi"
2019-01-13 11:00:00,-5,-19,0.0,6.9,2,47,01:21 PM,01:04 AM,09:31 AM,06:26 PM,-13,-14,-10,-14,14,22,78,0.0,1033,-11,10,215,8,"marquette,mi"
2019-01-13 12:00:00,-5,-19,0.0,6.9,2,47,01:21 PM,01:04 AM,09:31 AM,06:26 PM,-12,-12,-8,-12,14,29,76,0.0,1033,-9,10,216,8,"marquette,mi"
2019-01-13 13:00:00,-5,-19,0.0,6.9,2,47,01:21 PM,01:04 AM,09:31 AM,06:26 PM,-11,-12,-8,-12,14,38,74,0.0,1032,-8,10,214,8,"marquette,mi"
2019-01-13 14:00:00,-5,-19,0.0,6.9,2,47,01:21 PM,01:04 AM,09:31 AM,06:26 PM,-11,-11,-7,-11,14,46,72,0.0,1031,-8,10,212,7,"marquette,mi"
2019-01-13 15:00:00,-5,-19,0.0,6.9,2,47,01:21 PM,01:04 AM,09:31 AM,06:26 PM,-11,-10,-7,-10,14,55,70,0.0,1030,-8,10,211,7,"marquette,mi"
2019-01-13 16:00:00,-5,-19,0.0,6.9,2,47,01:21 PM,01:04 AM,09:31 AM,06:26 PM,-10,-10,-6,-10,15,58,74,0.0,1030,-7,10,210,9,"marquette,mi"
2019-01-13 17:00:00,-5,-19,0.0,6.9,2,47,01:21 PM,01:04 AM,09:31 AM,06:26 PM,-9,-10,-6,-10,17,61,77,0.0,1029,-7,10,209,11,"marquette,mi"
2019-01-13 18:00:00,-5,-19,0.0,6.9,2,47,01:21 PM,01:04 AM,09:31 AM,06:26 PM,-8,-10,-5,-10,18,64,80,0.0,1029,-6,10,208,12,"marquette,mi"
2019-01-13 19:00:00,-5,-19,0.0,6.9,2,47,01:21 PM,01:04 AM,09:31 AM,06:26 PM,-9,-11,-6,-11,19,76,82,0.0,1028,-7,10,210,12,"marquette,mi"
2019-01-13 20:00:00,-5,-19,0.0,6.9,2,47,01:21 PM,01:04 AM,09:31 AM,06:26 PM,-9,-13,-7,-13,21,88,84,0.0,1028,-8,10,211,12,"marquette,mi"
2019-01-13 21:00:00,-5,-19,0.0,6.9,2,47,01:21 PM,01:04 AM,09:31 AM,06:26 PM,-10,-14,-8,-14,22,100,87,0.0,1028,-9,10,213,13,"marquette,mi"
2019-01-13 22:00:00,-5,-19,0.0,6.9,2,47,01:21 PM,01:04 AM,09:31 AM,06:26 PM,-9,-14,-8,-14,22,100,87,0.0,1027,-8,10,217,12,"marquette,mi"
2019-01-13 23:00:00,-5,-19,0.0,6.9,2,47,01:21 PM,01:04 AM,09:31 AM,06:26 PM,-9,-13,-7,-13,22,100,88,0.0,1027,-8,10,221,12,"marquette,mi"
2019-01-14 00:00:00,-1,-6,0.3,3.4,1,54,01:45 PM,02:07 AM,09:30 AM,06:27 PM,-8,-13,-7,-13,22,100,89,0.0,1027,-8,10,225,12,"marquette,mi"
2019-01-14 01:00:00,-1,-6,0.3,3.4,1,54,01:45 PM,02:07 AM,09:30 AM,06:27 PM,-8,-12,-6,-12,21,97,89,0.0,1026,-7,10,229,11,"marquette,mi"
2019-01-14 02:00:00,-1,-6,0.3,3.4,1,54,01:45 PM,02:07 AM,09:30 AM,06:27 PM,-8,-11,-6,-11,20,93,89,0.0,1026,-7,10,232,11,"marquette,mi"
2019-01-14 03:00:00,-1,-6,0.3,3.4,1,54,01:45 PM,02:07 AM,09:30 AM,06:27 PM,-7,-10,-5,-10,19,90,89,0.0,1026,-6,10,236,10,"marquette,mi"
2019-01-14 04:00:00,-1,-6,0.3,3.4,1,54,01:45 PM,02:07 AM,09:30 AM,06:27 PM,-7,-10,-5,-10,19,82,87,0.0,1026,-6,10,235,10,"marquette,mi"
2019-01-14 05:00:00,-1,-6,0.3,3.4,1,54,01:45 PM,02:07 AM,09:30 AM,06:27 PM,-8,-11,-6,-11,19,75,86,0.0,1026,-6,10,234,10,"marquette,mi"
2019-01-14 06:00:00,-1,-6,0.3,3.4,1,54,01:45 PM,02:07 AM,09:30 AM,06:27 PM,-8,-11,-6,-11,19,67,85,0.0,1025,-7,10,233,10,"marquette,mi"
2019-01-14 07:00:00,-1,-6,0.3,3.4,1,54,01:45 PM,02:07 AM,09:30 AM,06:27 PM,-7,-10,-5,-10,19,69,86,0.0,1025,-6,10,233,10,"marquette,mi"
2019-01-14 08:00:00,-1,-6,0.3,3.4,1,54,01:45 PM,02:07 AM,09:30 AM,06:27 PM,-7,-10,-5,-10,19,70,86,0.0,1024,-6,10,232,10,"marquette,mi"
2019-01-14 09:00:00,-1,-6,0.3,3.4,1,54,01:45 PM,02:07 AM,09:30 AM,06:27 PM,-6,-9,-4,-9,19,71,87,0.0,1024,-5,10,232,10,"marquette,mi"
2019-01-14 10:00:00,-1,-6,0.3,3.4,1,54,01:45 PM,02:07 AM,09:30 AM,06:27 PM,-6,-8,-4,-8,18,78,86,0.0,1023,-4,10,238,11,"marquette,mi"
2019-01-14 11:00:00,-1,-6,0.3,3.4,1,54,01:45 PM,02:07 AM,09:30 AM,06:27 PM,-5,-7,-3,-7,17,84,85,0.0,1023,-4,10,244,12,"marquette,mi"
2019-01-14 12:00:00,-1,-6,0.3,3.4,1,54,01:45 PM,02:07 AM,09:30 AM,06:27 PM,-5,-7,-2,-7,16,90,83,0.0,1022,-3,10,250,13,"marquette,mi"
2019-01-14 13:00:00,-1,-6,0.3,3.4,1,54,01:45 PM,02:07 AM,09:30 AM,06:27 PM,-4,-6,-2,-6,15,93,81,0.0,1021,-3,9,258,13,"marquette,mi"
2019-01-14 14:00:00,-1,-6,0.3,3.4,1,54,01:45 PM,02:07 AM,09:30 AM,06:27 PM,-4,-6,-1,-6,13,97,80,0.0,1021,-2,9,266,13,"marquette,mi"
2019-01-14 15:00:00,-1,-6,0.3,3.4,1,54,01:45 PM,02:07 AM,09:30 AM,06:27 PM,-4,-5,-1,-5,12,100,78,0.0,1020,-2,8,274,13,"marquette,mi"
2019-01-14 16:00:00,-1,-6,0.3,3.4,1,54,01:45 PM,02:07 AM,09:30 AM,06:27 PM,-4,-5,-1,-5,11,100,80,0.0,1019,-2,7,286,11,"marquette,mi"
2019-01-14 17:00:00,-1,-6,0.3,3.4,1,54,01:45 PM,02:07 AM,09:30 AM,06:27 PM,-3,-5,-1,-5,11,100,82,0.0,1018,-2,6,298,10,"marquette,mi"
2019-01-14 18:00:00,-1,-6,0.3,3.4,1,54,01:45 PM,02:07 AM,09:30 AM,06:27 PM,-3,-4,-1,-4,11,100,84,0.0,1017,-2,5,309,8,"marquette,mi"
2019-01-14 19:00:00,-1,-6,0.3,3.4,1,54,01:45 PM,02:07 AM,09:30 AM,06:27 PM,-4,-6,-2,-6,12,100,86,0.0,1016,-3,5,322,9,"marquette,mi"
2019-01-14 20:00:00,-1,-6,0.3,3.4,1,54,01:45 PM,02:07 AM,09:30 AM,06:27 PM,-4,-7,-3,-7,12,100,89,0.1,1016,-4,5,334,9,"marquette,mi"
2019-01-14 21:00:00,-1,-6,0.3,3.4,1,54,01:45 PM,02:07 AM,09:30 AM,06:27 PM,-5,-8,-4,-8,13,99,91,0.1,1016,-5,5,346,9,"marquette,mi"
2019-01-14 22:00:00,-1,-6,0.3,3.4,1,54,01:45 PM,02:07 AM,09:30 AM,06:27 PM,-5,-9,-4,-9,13,96,90,0.0,1016,-5,5,349,9,"marquette,mi"
2019-01-14 23:00:00,-1,-6,0.3,3.4,1,54,01:45 PM,02:07 AM,09:30 AM,06:27 PM,-6,-9,-5,-9,14,93,90,0.0,1016,-6,5,352,9,"marquette,mi"
2019-01-15 00:00:00,-5,-6,0.2,3.4,1,61,02:12 PM,03:14 AM,09:30 AM,06:29 PM,-6,-10,-5,-10,14,89,90,0.0,1016,-6,6,354,8,"marquette,mi"
2019-01-15 01:00:00,-5,-6,0.2,3.4,1,61,02:12 PM,03:14 AM,09:30 AM,06:29 PM,-7,-10,-6,-10,13,81,89,0.0,1016,-6,6,345,8,"marquette,mi"
2019-01-15 02:00:00,-5,-6,0.2,3.4,1,61,02:12 PM,03:14 AM,09:30 AM,06:29 PM,-7,-9,-6,-9,12,72,88,0.0,1017,-7,7,335,7,"marquette,mi"
2019-01-15 03:00:00,-5,-6,0.2,3.4,1,61,02:12 PM,03:14 AM,09:30 AM,06:29 PM,-7,-9,-6,-9,11,64,87,0.0,1017,-7,8,326,6,"marquette,mi"
2019-01-15 04:00:00,-5,-6,0.2,3.4,1,61,02:12 PM,03:14 AM,09:30 AM,06:29 PM,-7,-8,-6,-8,12,58,86,0.0,1018,-7,9,306,6,"marquette,mi"
2019-01-15 05:00:00,-5,-6,0.2,3.4,1,61,02:12 PM,03:14 AM,09:30 AM,06:29 PM,-8,-8,-6,-8,12,52,85,0.0,1019,-7,9,286,6,"marquette,mi"
2019-01-15 06:00:00,-5,-6,0.2,3.4,1,61,02:12 PM,03:14 AM,09:30 AM,06:29 PM,-8,-7,-6,-7,13,46,84,0.0,1020,-7,10,266,6,"marquette,mi"
2019-01-15 07:00:00,-5,-6,0.2,3.4,1,61,02:12 PM,03:14 AM,09:30 AM,06:29 PM,-7,-8,-5,-8,14,49,85,0.0,1019,-6,10,251,6,"marquette,mi"
2019-01-15 08:00:00,-5,-6,0.2,3.4,1,61,02:12 PM,03:14 AM,09:30 AM,06:29 PM,-7,-8,-5,-8,16,51,85,0.0,1018,-6,10,235,7,"marquette,mi"
2019-01-15 09:00:00,-5,-6,0.2,3.4,1,61,02:12 PM,03:14 AM,09:30 AM,06:29 PM,-7,-9,-5,-9,18,54,86,0.0,1018,-6,10,219,7,"marquette,mi"
2019-01-15 10:00:00,-5,-6,0.2,3.4,1,61,02:12 PM,03:14 AM,09:30 AM,06:29 PM,-7,-9,-4,-9,19,61,85,0.0,1017,-5,10,218,9,"marquette,mi"
2019-01-15 11:00:00,-5,-6,0.2,3.4,1,61,02:12 PM,03:14 AM,09:30 AM,06:29 PM,-7,-9,-4,-9,21,67,84,0.0,1017,-5,10,217,11,"marquette,mi"
2019-01-15 12:00:00,-5,-6,0.2,3.4,1,61,02:12 PM,03:14 AM,09:30 AM,06:29 PM,-7,-9,-4,-9,23,73,83,0.0,1016,-5,10,216,13,"marquette,mi"
2019-01-15 13:00:00,-5,-6,0.2,3.4,1,61,02:12 PM,03:14 AM,09:30 AM,06:29 PM,-6,-9,-4,-9,24,74,83,0.0,1016,-5,10,215,14,"marquette,mi"
2019-01-15 14:00:00,-5,-6,0.2,3.4,1,61,02:12 PM,03:14 AM,09:30 AM,06:29 PM,-6,-10,-4,-10,25,75,83,0.0,1015,-5,10,215,15,"marquette,mi"
2019-01-15 15:00:00,-5,-6,0.2,3.4,1,61,02:12 PM,03:14 AM,09:30 AM,06:29 PM,-6,-10,-4,-10,26,76,83,0.0,1015,-5,10,215,15,"marquette,mi"
2019-01-15 16:00:00,-5,-6,0.2,3.4,1,61,02:12 PM,03:14 AM,09:30 AM,06:29 PM,-6,-10,-4,-10,26,80,84,0.0,1015,-5,9,222,15,"marquette,mi"
2019-01-15 17:00:00,-5,-6,0.2,3.4,1,61,02:12 PM,03:14 AM,09:30 AM,06:29 PM,-6,-9,-4,-9,27,84,86,0.0,1014,-5,9,230,14,"marquette,mi"
2019-01-15 18:00:00,-5,-6,0.2,3.4,1,61,02:12 PM,03:14 AM,09:30 AM,06:29 PM,-6,-9,-4,-9,27,88,87,0.0,1014,-5,8,237,14,"marquette,mi"
2019-01-15 19:00:00,-5,-6,0.2,3.4,1,61,02:12 PM,03:14 AM,09:30 AM,06:29 PM,-6,-10,-5,-10,26,92,87,0.0,1015,-6,7,249,13,"marquette,mi"
2019-01-15 20:00:00,-5,-6,0.2,3.4,1,61,02:12 PM,03:14 AM,09:30 AM,06:29 PM,-7,-11,-5,-11,24,96,88,0.0,1015,-6,6,260,13,"marquette,mi"
2019-01-15 21:00:00,-5,-6,0.2,3.4,1,61,02:12 PM,03:14 AM,09:30 AM,06:29 PM,-7,-12,-6,-12,23,100,88,0.0,1016,-7,5,272,13,"marquette,mi"
2019-01-15 22:00:00,-5,-6,0.2,3.4,1,61,02:12 PM,03:14 AM,09:30 AM,06:29 PM,-8,-13,-7,-13,25,100,85,0.0,1016,-7,5,282,15,"marquette,mi"
2019-01-15 23:00:00,-5,-6,0.2,3.4,1,61,02:12 PM,03:14 AM,09:30 AM,06:29 PM,-10,-14,-7,-14,27,100,82,0.1,1017,-8,4,293,17,"marquette,mi"
2019-01-16 00:00:00,-10,-11,0.7,3.4,1,69,02:42 PM,04:22 AM,09:29 AM,06:30 PM,-11,-16,-8,-16,28,100,79,0.1,1017,-9,4,304,19,"marquette,mi"
2019-01-16 01:00:00,-10,-11,0.7,3.4,1,69,02:42 PM,04:22 AM,09:29 AM,06:30 PM,-11,-16,-8,-16,30,100,78,0.0,1017,-9,4,313,21,"marquette,mi"
2019-01-16 02:00:00,-10,-11,0.7,3.4,1,69,02:42 PM,04:22 AM,09:29 AM,06:30 PM,-11,-16,-8,-16,32,99,77,0.1,1017,-9,3,322,22,"marquette,mi"
2019-01-16 03:00:00,-10,-11,0.7,3.4,1,69,02:42 PM,04:22 AM,09:29 AM,06:30 PM,-12,-16,-8,-16,34,99,76,0.1,1017,-9,3,331,24,"marquette,mi"
2019-01-16 04:00:00,-10,-11,0.7,3.4,1,69,02:42 PM,04:22 AM,09:29 AM,06:30 PM,-12,-16,-8,-16,32,99,79,0.0,1018,-9,4,332,23,"marquette,mi"
2019-01-16 05:00:00,-10,-11,0.7,3.4,1,69,02:42 PM,04:22 AM,09:29 AM,06:30 PM,-11,-16,-8,-16,30,98,81,0.0,1019,-9,4,334,23,"marquette,mi"
2019-01-16 06:00:00,-10,-11,0.7,3.4,1,69,02:42 PM,04:22 AM,09:29 AM,06:30 PM,-11,-16,-9,-16,29,98,84,0.0,1019,-10,5,335,22,"marquette,mi"
2019-01-16 07:00:00,-10,-11,0.7,3.4,1,69,02:42 PM,04:22 AM,09:29 AM,06:30 PM,-12,-17,-9,-17,27,98,84,0.0,1021,-10,6,335,22,"marquette,mi"
2019-01-16 08:00:00,-10,-11,0.7,3.4,1,69,02:42 PM,04:22 AM,09:29 AM,06:30 PM,-12,-17,-10,-17,25,97,85,0.1,1022,-10,6,334,21,"marquette,mi"
2019-01-16 09:00:00,-10,-11,0.7,3.4,1,69,02:42 PM,04:22 AM,09:29 AM,06:30 PM,-12,-18,-10,-18,24,97,85,0.1,1023,-11,7,334,21,"marquette,mi"
2019-01-16 10:00:00,-10,-11,0.7,3.4,1,69,02:42 PM,04:22 AM,09:29 AM,06:30 PM,-12,-17,-10,-17,22,97,84,0.0,1024,-11,7,333,20,"marquette,mi"
2019-01-16 11:00:00,-10,-11,0.7,3.4,1,69,02:42 PM,04:22 AM,09:29 AM,06:30 PM,-12,-17,-10,-17,20,96,84,0.0,1025,-11,8,332,19,"marquette,mi"
2019-01-16 12:00:00,-10,-11,0.7,3.4,1,69,02:42 PM,04:22 AM,09:29 AM,06:30 PM,-12,-16,-10,-16,18,96,83,0.0,1026,-11,8,330,18,"marquette,mi"
2019-01-16 13:00:00,-10,-11,0.7,3.4,1,69,02:42 PM,04:22 AM,09:29 AM,06:30 PM,-13,-16,-10,-16,16,95,80,0.0,1026,-10,8,328,16,"marquette,mi"
2019-01-16 14:00:00,-10,-11,0.7,3.4,1,69,02:42 PM,04:22 AM,09:29 AM,06:30 PM,-13,-16,-9,-16,14,93,77,0.0,1025,-10,7,325,15,"marquette,mi"
2019-01-16 15:00:00,-10,-11,0.7,3.4,1,69,02:42 PM,04:22 AM,09:29 AM,06:30 PM,-13,-15,-9,-15,12,92,75,0.0,1025,-10,7,323,13,"marquette,mi"
2019-01-16 16:00:00,-10,-11,0.7,3.4,1,69,02:42 PM,04:22 AM,09:29 AM,06:30 PM,-14,-15,-10,-15,11,83,75,0.0,1026,-11,8,316,12,"marquette,mi"
2019-01-16 17:00:00,-10,-11,0.7,3.4,1,69,02:42 PM,04:22 AM,09:29 AM,06:30 PM,-15,-15,-10,-15,10,74,75,0.0,1026,-11,9,309,11,"marquette,mi"
2019-01-16 18:00:00,-10,-11,0.7,3.4,1,69,02:42 PM,04:22 AM,09:29 AM,06:30 PM,-15,-15,-10,-15,9,64,75,0.0,1026,-12,10,302,10,"marquette,mi"
2019-01-16 19:00:00,-10,-11,0.7,3.4,1,69,02:42 PM,04:22 AM,09:29 AM,06:30 PM,-16,-15,-11,-15,9,52,76,0.0,1027,-13,10,289,8,"marquette,mi"
2019-01-16 20:00:00,-10,-11,0.7,3.4,1,69,02:42 PM,04:22 AM,09:29 AM,06:30 PM,-18,-15,-11,-15,9,39,77,0.0,1027,-14,10,275,6,"marquette,mi"
2019-01-16 21:00:00,-10,-11,0.7,3.4,1,69,02:42 PM,04:22 AM,09:29 AM,06:30 PM,-19,-15,-12,-15,10,26,78,0.0,1027,-15,10,262,4,"marquette,mi"
2019-01-16 22:00:00,-10,-11,0.7,3.4,1,69,02:42 PM,04:22 AM,09:29 AM,06:30 PM,-19,-16,-14,-16,11,20,79,0.0,1027,-16,10,254,4,"marquette,mi"
2019-01-16 23:00:00,-10,-11,0.7,3.4,1,69,02:42 PM,04:22 AM,09:29 AM,06:30 PM,-20,-17,-16,-17,12,14,79,0.0,1027,-18,10,247,4,"marquette,mi"
2019-01-17 00:00:00,-8,-19,0.5,3.4,2,76,03:20 PM,05:33 AM,09:28 AM,06:31 PM,-21,-18,-18,-18,14,8,80,0.0,1027,-19,10,239,4,"marquette,mi"
2019-01-17 01:00:00,-8,-19,0.5,3.4,2,76,03:20 PM,05:33 AM,09:28 AM,06:31 PM,-21,-19,-18,-19,14,15,80,0.0,1026,-19,10,234,4,"marquette,mi"
2019-01-17 02:00:00,-8,-19,0.5,3.4,2,76,03:20 PM,05:33 AM,09:28 AM,06:31 PM,-21,-19,-18,-19,15,23,79,0.0,1026,-19,10,229,4,"marquette,mi"
2019-01-17 03:00:00,-8,-19,0.5,3.4,2,76,03:20 PM,05:33 AM,09:28 AM,06:31 PM,-21,-20,-18,-20,15,31,79,0.0,1025,-19,10,224,4,"marquette,mi"
2019-01-17 04:00:00,-8,-19,0.5,3.4,2,76,03:20 PM,05:33 AM,09:28 AM,06:31 PM,-20,-20,-17,-20,16,41,80,0.0,1025,-18,10,221,5,"marquette,mi"
2019-01-17 05:00:00,-8,-19,0.5,3.4,2,76,03:20 PM,05:33 AM,09:28 AM,06:31 PM,-19,-20,-16,-20,16,50,80,0.0,1024,-17,10,219,6,"marquette,mi"
2019-01-17 06:00:00,-8,-19,0.5,3.4,2,76,03:20 PM,05:33 AM,09:28 AM,06:31 PM,-18,-19,-15,-19,17,60,81,0.0,1024,-16,10,216,7,"marquette,mi"
2019-01-17 07:00:00,-8,-19,0.5,3.4,2,76,03:20 PM,05:33 AM,09:28 AM,06:31 PM,-18,-19,-15,-19,16,57,81,0.0,1023,-16,10,214,7,"marquette,mi"
2019-01-17 08:00:00,-8,-19,0.5,3.4,2,76,03:20 PM,05:33 AM,09:28 AM,06:31 PM,-18,-18,-15,-18,16,54,81,0.0,1023,-16,10,211,6,"marquette,mi"
2019-01-17 09:00:00,-8,-19,0.5,3.4,2,76,03:20 PM,05:33 AM,09:28 AM,06:31 PM,-18,-17,-15,-17,16,52,81,0.0,1022,-16,10,208,6,"marquette,mi"
2019-01-17 10:00:00,-8,-19,0.5,3.4,2,76,03:20 PM,05:33 AM,09:28 AM,06:31 PM,-16,-17,-13,-17,16,60,81,0.0,1022,-14,10,210,7,"marquette,mi"
2019-01-17 11:00:00,-8,-19,0.5,3.4,2,76,03:20 PM,05:33 AM,09:28 AM,06:31 PM,-14,-16,-12,-16,16,68,82,0.0,1021,-12,10,211,8,"marquette,mi"
2019-01-17 12:00:00,-8,-19,0.5,3.4,2,76,03:20 PM,05:33 AM,09:28 AM,06:31 PM,-12,-15,-10,-15,15,77,83,0.0,1020,-11,10,212,9,"marquette,mi"
2019-01-17 13:00:00,-8,-19,0.5,3.4,2,76,03:20 PM,05:33 AM,09:28 AM,06:31 PM,-12,-14,-9,-14,15,84,83,0.0,1019,-10,9,220,8,"marquette,mi"
2019-01-17 14:00:00,-8,-19,0.5,3.4,2,76,03:20 PM,05:33 AM,09:28 AM,06:31 PM,-11,-13,-9,-13,14,92,82,0.0,1018,-10,8,228,7,"marquette,mi"
2019-01-17 15:00:00,-8,-19,0.5,3.4,2,76,03:20 PM,05:33 AM,09:28 AM,06:31 PM,-11,-13,-8,-13,13,100,82,0.0,1018,-9,7,235,6,"marquette,mi"
2019-01-17 16:00:00,-8,-19,0.5,3.4,2,76,03:20 PM,05:33 AM,09:28 AM,06:31 PM,-11,-13,-8,-13,12,100,82,0.0,1018,-9,6,250,7,"marquette,mi"
2019-01-17 17:00:00,-8,-19,0.5,3.4,2,76,03:20 PM,05:33 AM,09:28 AM,06:31 PM,-11,-13,-8,-13,12,100,83,0.2,1017,-9,4,265,8,"marquette,mi"
2019-01-17 18:00:00,-8,-19,0.5,3.4,2,76,03:20 PM,05:33 AM,09:28 AM,06:31 PM,-11,-13,-8,-13,11,100,83,0.2,1017,-9,2,280,9,"marquette,mi"
2019-01-17 19:00:00,-8,-19,0.5,3.4,2,76,03:20 PM,05:33 AM,09:28 AM,06:31 PM,-11,-14,-9,-14,13,92,84,0.1,1018,-10,3,289,9,"marquette,mi"
2019-01-17 20:00:00,-8,-19,0.5,3.4,2,76,03:20 PM,05:33 AM,09:28 AM,06:31 PM,-12,-15,-11,-15,15,85,86,0.1,1018,-12,4,297,10,"marquette,mi"
2019-01-17 21:00:00,-8,-19,0.5,3.4,2,76,03:20 PM,05:33 AM,09:28 AM,06:31 PM,-12,-16,-12,-16,17,77,88,0.2,1019,-13,5,306,10,"marquette,mi"
2019-01-17 22:00:00,-8,-19,0.5,3.4,2,76,03:20 PM,05:33 AM,09:28 AM,06:31 PM,-12,-16,-12,-16,18,65,86,0.1,1019,-14,6,303,11,"marquette,mi"
2019-01-17 23:00:00,-8,-19,0.5,3.4,2,76,03:20 PM,05:33 AM,09:28 AM,06:31 PM,-12,-16,-12,-16,18,52,85,0.0,1019,-14,8,299,12,"marquette,mi"
2019-01-18 00:00:00,-12,-14,0.0,3.4,2,83,04:05 PM,06:44 AM,09:28 AM,06:33 PM,-13,-17,-13,-17,19,40,83,0.0,1020,-15,10,296,13,"marquette,mi"
2019-01-18 01:00:00,-12,-14,0.0,3.4,2,83,04:05 PM,06:44 AM,09:28 AM,06:33 PM,-13,-17,-12,-17,19,45,84,0.0,1019,-14,10,294,12,"marquette,mi"
2019-01-18 02:00:00,-12,-14,0.0,3.4,2,83,04:05 PM,06:44 AM,09:28 AM,06:33 PM,-13,-17,-12,-17,19,51,84,0.0,1019,-13,10,292,11,"marquette,mi"
2019-01-18 03:00:00,-12,-14,0.0,3.4,2,83,04:05 PM,06:44 AM,09:28 AM,06:33 PM,-14,-18,-12,-18,19,56,84,0.0,1018,-13,10,290,10,"marquette,mi"
2019-01-18 04:00:00,-12,-14,0.0,3.4,2,83,04:05 PM,06:44 AM,09:28 AM,06:33 PM,-14,-18,-12,-18,20,56,84,0.0,1018,-12,10,293,10,"marquette,mi"
2019-01-18 05:00:00,-12,-14,0.0,3.4,2,83,04:05 PM,06:44 AM,09:28 AM,06:33 PM,-13,-18,-11,-18,20,56,84,0.0,1019,-12,10,297,10,"marquette,mi"
2019-01-18 06:00:00,-12,-14,0.0,3.4,2,83,04:05 PM,06:44 AM,09:28 AM,06:33 PM,-13,-18,-11,-18,21,57,83,0.0,1019,-12,10,300,10,"marquette,mi"
2019-01-18 07:00:00,-12,-14,0.0,3.4,2,83,04:05 PM,06:44 AM,09:28 AM,06:33 PM,-14,-18,-11,-18,21,62,83,0.0,1020,-12,10,305,10,"marquette,mi"
2019-01-18 08:00:00,-12,-14,0.0,3.4,2,83,04:05 PM,06:44 AM,09:28 AM,06:33 PM,-14,-18,-12,-18,21,68,82,0.0,1021,-12,10,310,10,"marquette,mi"
2019-01-18 09:00:00,-12,-14,0.0,3.4,2,83,04:05 PM,06:44 AM,09:28 AM,06:33 PM,-14,-19,-12,-19,21,74,81,0.0,1022,-13,10,316,10,"marquette,mi"
2019-01-18 10:00:00,-12,-14,0.0,3.4,2,83,04:05 PM,06:44 AM,09:28 AM,06:33 PM,-14,-19,-11,-19,21,82,81,0.0,1022,-12,10,322,11,"marquette,mi"
2019-01-18 11:00:00,-12,-14,0.0,3.4,2,83,04:05 PM,06:44 AM,09:28 AM,06:33 PM,-14,-18,-11,-18,21,91,80,0.0,1022,-12,10,328,12,"marquette,mi"
2019-01-18 12:00:00,-12,-14,0.0,3.4,2,83,04:05 PM,06:44 AM,09:28 AM,06:33 PM,-14,-18,-11,-18,22,100,80,0.0,1022,-12,10,335,14,"marquette,mi"
2019-01-18 13:00:00,-12,-14,0.0,3.4,2,83,04:05 PM,06:44 AM,09:28 AM,06:33 PM,-14,-19,-11,-19,21,100,79,0.0,1023,-12,9,339,15,"marquette,mi"
2019-01-18 14:00:00,-12,-14,0.0,3.4,2,83,04:05 PM,06:44 AM,09:28 AM,06:33 PM,-14,-19,-11,-19,20,100,77,0.0,1024,-12,9,343,15,"marquette,mi"
2019-01-18 15:00:00,-12,-14,0.0,3.4,2,83,04:05 PM,06:44 AM,09:28 AM,06:33 PM,-15,-19,-12,-19,19,100,76,0.0,1025,-13,8,347,16,"marquette,mi"
2019-01-18 16:00:00,-12,-14,0.0,3.4,2,83,04:05 PM,06:44 AM,09:28 AM,06:33 PM,-16,-20,-12,-20,19,100,74,0.0,1026,-13,8,349,15,"marquette,mi"
2019-01-18 17:00:00,-12,-14,0.0,3.4,2,83,04:05 PM,06:44 AM,09:28 AM,06:33 PM,-17,-20,-13,-20,18,100,73,0.0,1026,-14,7,351,14,"marquette,mi"
2019-01-18 18:00:00,-12,-14,0.0,3.4,2,83,04:05 PM,06:44 AM,09:28 AM,06:33 PM,-18,-21,-13,-21,18,100,71,0.0,1027,-14,7,354,13,"marquette,mi"
2019-01-18 19:00:00,-12,-14,0.0,3.4,2,83,04:05 PM,06:44 AM,09:28 AM,06:33 PM,-17,-21,-14,-21,17,100,74,0.0,1027,-15,7,315,13,"marquette,mi"
2019-01-18 20:00:00,-12,-14,0.0,3.4,2,83,04:05 PM,06:44 AM,09:28 AM,06:33 PM,-17,-21,-14,-21,17,100,77,0.0,1027,-16,8,277,14,"marquette,mi"
2019-01-18 21:00:00,-12,-14,0.0,3.4,2,83,04:05 PM,06:44 AM,09:28 AM,06:33 PM,-17,-21,-15,-21,17,100,79,0.0,1027,-17,8,238,14,"marquette,mi"
2019-01-18 22:00:00,-12,-14,0.0,3.4,2,83,04:05 PM,06:44 AM,09:28 AM,06:33 PM,-17,-21,-15,-21,16,100,80,0.0,1028,-17,8,162,16,"marquette,mi"
2019-01-18 23:00:00,-12,-14,0.0,3.4,2,83,04:05 PM,06:44 AM,09:28 AM,06:33 PM,-17,-21,-15,-21,15,100,82,0.0,1029,-18,7,85,17,"marquette,mi"
2019-01-19 00:00:00,-15,-18,1.4,3.4,1,90,05:02 PM,07:54 AM,09:27 AM,06:34 PM,-17,-21,-16,-21,14,100,83,0.0,1029,-19,7,8,18,"marquette,mi"
2019-01-19 01:00:00,-15,-18,1.4,3.4,1,90,05:02 PM,07:54 AM,09:27 AM,06:34 PM,-17,-22,-16,-22,12,100,82,0.0,1030,-18,7,15,17,"marquette,mi"
2019-01-19 02:00:00,-15,-18,1.4,3.4,1,90,05:02 PM,07:54 AM,09:27 AM,06:34 PM,-18,-23,-16,-23,11,100,81,0.0,1030,-17,8,23,15,"marquette,mi"
2019-01-19 03:00:00,-15,-18,1.4,3.4,1,90,05:02 PM,07:54 AM,09:27 AM,06:34 PM,-18,-23,-16,-23,9,100,80,0.0,1031,-17,8,30,14,"marquette,mi"
2019-01-19 04:00:00,-15,-18,1.4,3.4,1,90,05:02 PM,07:54 AM,09:27 AM,06:34 PM,-19,-23,-16,-23,7,100,81,0.0,1031,-17,7,35,12,"marquette,mi"
2019-01-19 05:00:00,-15,-18,1.4,3.4,1,90,05:02 PM,07:54 AM,09:27 AM,06:34 PM,-19,-22,-16,-22,6,100,81,0.1,1032,-17,6,39,10,"marquette,mi"
2019-01-19 06:00:00,-15,-18,1.4,3.4,1,90,05:02 PM,07:54 AM,09:27 AM,06:34 PM,-19,-22,-16,-22,4,100,81,0.1,1032,-17,5,44,8,"marquette,mi"
2019-01-19 07:00:00,-15,-18,1.4,3.4,1,90,05:02 PM,07:54 AM,09:27 AM,06:34 PM,-19,-22,-16,-22,3,100,81,0.0,1032,-17,5,50,7,"marquette,mi"
2019-01-19 08:00:00,-15,-18,1.4,3.4,1,90,05:02 PM,07:54 AM,09:27 AM,06:34 PM,-19,-22,-17,-22,3,99,80,0.1,1033,-17,5,57,7,"marquette,mi"
2019-01-19 09:00:00,-15,-18,1.4,3.4,1,90,05:02 PM,07:54 AM,09:27 AM,06:34 PM,-19,-22,-17,-22,2,99,80,0.1,1033,-18,5,63,6,"marquette,mi"
2019-01-19 10:00:00,-15,-18,1.4,3.4,1,90,05:02 PM,07:54 AM,09:27 AM,06:34 PM,-19,-22,-16,-22,2,97,78,0.0,1032,-17,5,72,8,"marquette,mi"
2019-01-19 11:00:00,-15,-18,1.4,3.4,1,90,05:02 PM,07:54 AM,09:27 AM,06:34 PM,-19,-22,-16,-22,2,96,77,0.1,1032,-17,4,81,9,"marquette,mi"
2019-01-19 12:00:00,-15,-18,1.4,3.4,1,90,05:02 PM,07:54 AM,09:27 AM,06:34 PM,-19,-22,-15,-22,2,95,75,0.1,1032,-16,4,91,10,"marquette,mi"
2019-01-19 13:00:00,-15,-18,1.4,3.4,1,90,05:02 PM,07:54 AM,09:27 AM,06:34 PM,-18,-22,-15,-22,4,95,74,0.0,1032,-16,3,100,12,"marquette,mi"
2019-01-19 14:00:00,-15,-18,1.4,3.4,1,90,05:02 PM,07:54 AM,09:27 AM,06:34 PM,-18,-22,-14,-22,6,95,73,0.1,1031,-15,3,109,14,"marquette,mi"
2019-01-19 15:00:00,-15,-18,1.4,3.4,1,90,05:02 PM,07:54 AM,09:27 AM,06:34 PM,-18,-22,-14,-22,8,95,72,0.1,1031,-15,2,117,15,"marquette,mi"
2019-01-19 16:00:00,-15,-18,1.4,3.4,1,90,05:02 PM,07:54 AM,09:27 AM,06:34 PM,-18,-22,-14,-22,11,95,72,0.1,1030,-15,2,194,15,"marquette,mi"
2019-01-19 17:00:00,-15,-18,1.4,3.4,1,90,05:02 PM,07:54 AM,09:27 AM,06:34 PM,-18,-22,-14,-22,14,95,73,0.1,1030,-15,2,270,15,"marquette,mi"
2019-01-19 18:00:00,-15,-18,1.4,3.4,1,90,05:02 PM,07:54 AM,09:27 AM,06:34 PM,-18,-22,-15,-22,17,95,73,0.1,1029,-16,2,346,14,"marquette,mi"
2019-01-19 19:00:00,-15,-18,1.4,3.4,1,90,05:02 PM,07:54 AM,09:27 AM,06:34 PM,-18,-22,-15,-22,18,93,75,0.1,1029,-16,2,342,15,"marquette,mi"
2019-01-19 20:00:00,-15,-18,1.4,3.4,1,90,05:02 PM,07:54 AM,09:27 AM,06:34 PM,-19,-23,-16,-23,20,91,77,0.1,1028,-16,3,339,15,"marquette,mi"
2019-01-19 21:00:00,-15,-18,1.4,3.4,1,90,05:02 PM,07:54 AM,09:27 AM,06:34 PM,-19,-24,-16,-24,21,89,78,0.1,1028,-17,3,335,15,"marquette,mi"
2019-01-19 22:00:00,-15,-18,1.4,3.4,1,90,05:02 PM,07:54 AM,09:27 AM,06:34 PM,-19,-24,-16,-24,22,92,79,0.1,1028,-17,3,336,15,"marquette,mi"
2019-01-19 23:00:00,-15,-18,1.4,3.4,1,90,05:02 PM,07:54 AM,09:27 AM,06:34 PM,-18,-25,-16,-25,23,95,80,0.1,1027,-17,4,338,15,"marquette,mi"
2019-01-20 00:00:00,-17,-18,1.6,3.4,1,98,06:09 PM,08:56 AM,09:26 AM,06:36 PM,-18,-25,-16,-25,23,99,81,0.1,1027,-17,4,339,16,"marquette,mi"
2019-01-20 01:00:00,-17,-18,1.6,3.4,1,98,06:09 PM,08:56 AM,09:26 AM,06:36 PM,-19,-25,-17,-25,24,99,81,0.0,1028,-17,4,341,16,"marquette,mi"
2019-01-20 02:00:00,-17,-18,1.6,3.4,1,98,06:09 PM,08:56 AM,09:26 AM,06:36 PM,-19,-25,-17,-25,24,100,80,0.1,1029,-18,3,342,16,"marquette,mi"
2019-01-20 03:00:00,-17,-18,1.6,3.4,1,98,06:09 PM,08:56 AM,09:26 AM,06:36 PM,-19,-25,-17,-25,24,100,80,0.1,1031,-18,3,344,16,"marquette,mi"
2019-01-20 04:00:00,-17,-18,1.6,3.4,1,98,06:09 PM,08:56 AM,09:26 AM,06:36 PM,-20,-25,-17,-25,25,100,80,0.0,1032,-18,3,344,15,"marquette,mi"
2019-01-20 05:00:00,-17,-18,1.6,3.4,1,98,06:09 PM,08:56 AM,09:26 AM,06:36 PM,-20,-24,-17,-24,26,100,79,0.1,1034,-18,4,344,14,"marquette,mi"
2019-01-20 06:00:00,-17,-18,1.6,3.4,1,98,06:09 PM,08:56 AM,09:26 AM,06:36 PM,-20,-24,-17,-24,26,100,79,0.1,1036,-18,4,344,14,"marquette,mi"
2019-01-20 07:00:00,-17,-18,1.6,3.4,1,98,06:09 PM,08:56 AM,09:26 AM,06:36 PM,-20,-24,-17,-24,27,100,78,0.0,1035,-18,3,307,13,"marquette,mi"
2019-01-20 08:00:00,-17,-18,1.6,3.4,1,98,06:09 PM,08:56 AM,09:26 AM,06:36 PM,-20,-25,-17,-25,27,100,77,0.1,1035,-18,3,271,12,"marquette,mi"
2019-01-20 09:00:00,-17,-18,1.6,3.4,1,98,06:09 PM,08:56 AM,09:26 AM,06:36 PM,-20,-25,-17,-25,28,100,77,0.2,1035,-18,2,235,12,"marquette,mi"
2019-01-20 10:00:00,-17,-18,1.6,3.4,1,98,06:09 PM,08:56 AM,09:26 AM,06:36 PM,-20,-25,-16,-25,28,100,75,0.1,1035,-17,3,159,12,"marquette,mi"
2019-01-20 11:00:00,-17,-18,1.6,3.4,1,98,06:09 PM,08:56 AM,09:26 AM,06:36 PM,-20,-24,-16,-24,28,100,73,0.1,1034,-17,4,83,13,"marquette,mi"
2019-01-20 12:00:00,-17,-18,1.6,3.4,1,98,06:09 PM,08:56 AM,09:26 AM,06:36 PM,-20,-24,-16,-24,28,100,71,0.1,1034,-17,5,6,14,"marquette,mi"
2019-01-20 13:00:00,-17,-18,1.6,3.4,1,98,06:09 PM,08:56 AM,09:26 AM,06:36 PM,-19,-25,-16,-25,28,100,72,0.1,1033,-17,6,7,15,"marquette,mi"
2019-01-20 14:00:00,-17,-18,1.6,3.4,1,98,06:09 PM,08:56 AM,09:26 AM,06:36 PM,-19,-25,-16,-25,27,100,73,0.0,1032,-17,6,8,17,"marquette,mi"
2019-01-20 15:00:00,-17,-18,1.6,3.4,1,98,06:09 PM,08:56 AM,09:26 AM,06:36 PM,-19,-25,-16,-25,27,100,74,0.0,1031,-17,7,9,18,"marquette,mi"
2019-01-20 16:00:00,-17,-18,1.6,3.4,1,98,06:09 PM,08:56 AM,09:26 AM,06:36 PM,-19,-25,-16,-25,26,99,74,0.0,1032,-17,6,8,17,"marquette,mi"
2019-01-20 17:00:00,-17,-18,1.6,3.4,1,98,06:09 PM,08:56 AM,09:26 AM,06:36 PM,-19,-25,-16,-25,25,97,74,0.1,1032,-17,4,7,16,"marquette,mi"
2019-01-20 18:00:00,-17,-18,1.6,3.4,1,98,06:09 PM,08:56 AM,09:26 AM,06:36 PM,-19,-24,-16,-24,24,96,74,0.2,1032,-17,2,6,15,"marquette,mi"
2019-01-20 19:00:00,-17,-18,1.6,3.4,1,98,06:09 PM,08:56 AM,09:26 AM,06:36 PM,-19,-23,-16,-23,22,95,75,0.1,1033,-17,2,43,13,"marquette,mi"
2019-01-20 20:00:00,-17,-18,1.6,3.4,1,98,06:09 PM,08:56 AM,09:26 AM,06:36 PM,-20,-22,-16,-22,20,93,76,0.1,1033,-17,3,81,10,"marquette,mi"
2019-01-20 21:00:00,-17,-18,1.6,3.4,1,98,06:09 PM,08:56 AM,09:26 AM,06:36 PM,-20,-21,-16,-21,18,91,76,0.2,1033,-17,3,118,8,"marquette,mi"
2019-01-20 22:00:00,-17,-18,1.6,3.4,1,98,06:09 PM,08:56 AM,09:26 AM,06:36 PM,-20,-19,-16,-19,17,91,78,0.1,1033,-17,3,193,8,"marquette,mi"
2019-01-20 23:00:00,-17,-18,1.6,3.4,1,98,06:09 PM,08:56 AM,09:26 AM,06:36 PM,-19,-18,-16,-18,15,91,81,0.1,1033,-17,4,267,7,"marquette,mi"
2019-01-21 00:00:00,-11,-24,0.3,8.7,1,100,07:25 PM,09:50 AM,09:25 AM,06:37 PM,-19,-17,-17,-17,13,92,83,0.1,1033,-18,4,342,6,"marquette,mi"
2019-01-21 01:00:00,-11,-24,0.3,8.7,1,100,07:25 PM,09:50 AM,09:25 AM,06:37 PM,-20,-18,-18,-18,12,92,83,0.0,1033,-19,4,332,7,"marquette,mi"
2019-01-21 02:00:00,-11,-24,0.3,8.7,1,100,07:25 PM,09:50 AM,09:25 AM,06:37 PM,-21,-20,-19,-20,12,92,84,0.1,1033,-20,4,322,7,"marquette,mi"
2019-01-21 03:00:00,-11,-24,0.3,8.7,1,100,07:25 PM,09:50 AM,09:25 AM,06:37 PM,-22,-22,-20,-22,11,92,84,0.1,1032,-21,5,312,7,"marquette,mi"
2019-01-21 04:00:00,-11,-24,0.3,8.7,1,100,07:25 PM,09:50 AM,09:25 AM,06:37 PM,-23,-25,-21,-25,12,90,83,0.0,1032,-22,6,302,8,"marquette,mi"
2019-01-21 05:00:00,-11,-24,0.3,8.7,1,100,07:25 PM,09:50 AM,09:25 AM,06:37 PM,-24,-28,-22,-28,12,89,82,0.0,1032,-23,6,292,8,"marquette,mi"
2019-01-21 06:00:00,-11,-24,0.3,8.7,1,100,07:25 PM,09:50 AM,09:25 AM,06:37 PM,-25,-30,-23,-30,13,88,81,0.0,1031,-24,7,282,9,"marquette,mi"
2019-01-21 07:00:00,-11,-24,0.3,8.7,1,100,07:25 PM,09:50 AM,09:25 AM,06:37 PM,-24,-30,-22,-30,13,77,81,0.0,1032,-23,6,271,10,"marquette,mi"
2019-01-21 08:00:00,-11,-24,0.3,8.7,1,100,07:25 PM,09:50 AM,09:25 AM,06:37 PM,-24,-29,-22,-29,13,67,80,0.0,1032,-22,6,260,10,"marquette,mi"
2019-01-21 09:00:00,-11,-24,0.3,8.7,1,100,07:25 PM,09:50 AM,09:25 AM,06:37 PM,-23,-29,-21,-29,13,57,80,0.0,1032,-22,5,249,11,"marquette,mi"
2019-01-21 10:00:00,-11,-24,0.3,8.7,1,100,07:25 PM,09:50 AM,09:25 AM,06:37 PM,-22,-27,-19,-27,13,41,78,0.0,1032,-20,6,238,12,"marquette,mi"
2019-01-21 11:00:00,-11,-24,0.3,8.7,1,100,07:25 PM,09:50 AM,09:25 AM,06:37 PM,-20,-24,-17,-24,14,26,77,0.0,1032,-18,8,226,13,"marquette,mi"
2019-01-21 12:00:00,-11,-24,0.3,8.7,1,100,07:25 PM,09:50 AM,09:25 AM,06:37 PM,-18,-22,-15,-22,14,10,75,0.0,1032,-16,10,215,13,"marquette,mi"
2019-01-21 13:00:00,-11,-24,0.3,8.7,1,100,07:25 PM,09:50 AM,09:25 AM,06:37 PM,-17,-21,-14,-21,15,14,74,0.0,1031,-14,10,207,16,"marquette,mi"
2019-01-21 14:00:00,-11,-24,0.3,8.7,1,100,07:25 PM,09:50 AM,09:25 AM,06:37 PM,-16,-20,-12,-20,17,17,73,0.0,1030,-13,10,199,19,"marquette,mi"
2019-01-21 15:00:00,-11,-24,0.3,8.7,1,100,07:25 PM,09:50 AM,09:25 AM,06:37 PM,-15,-19,-11,-19,18,20,72,0.0,1029,-12,10,191,21,"marquette,mi"
2019-01-21 16:00:00,-11,-24,0.3,8.7,1,100,07:25 PM,09:50 AM,09:25 AM,06:37 PM,-14,-19,-11,-19,20,26,73,0.0,1028,-11,10,192,21,"marquette,mi"
2019-01-21 17:00:00,-11,-24,0.3,8.7,1,100,07:25 PM,09:50 AM,09:25 AM,06:37 PM,-14,-18,-10,-18,22,32,75,0.0,1028,-11,10,193,20,"marquette,mi"
2019-01-21 18:00:00,-11,-24,0.3,8.7,1,100,07:25 PM,09:50 AM,09:25 AM,06:37 PM,-14,-18,-10,-18,24,38,76,0.0,1027,-11,10,194,19,"marquette,mi"
2019-01-21 19:00:00,-11,-24,0.3,8.7,1,100,07:25 PM,09:50 AM,09:25 AM,06:37 PM,-13,-19,-11,-19,25,44,79,0.0,1026,-11,10,192,19,"marquette,mi"
2019-01-21 20:00:00,-11,-24,0.3,8.7,1,100,07:25 PM,09:50 AM,09:25 AM,06:37 PM,-13,-19,-11,-19,26,51,82,0.0,1026,-12,10,190,18,"marquette,mi"
2019-01-21 21:00:00,-11,-24,0.3,8.7,1,100,07:25 PM,09:50 AM,09:25 AM,06:37 PM,-13,-20,-11,-20,27,57,85,0.0,1025,-12,10,188,18,"marquette,mi"
2019-01-21 22:00:00,-11,-24,0.3,8.7,1,100,07:25 PM,09:50 AM,09:25 AM,06:37 PM,-13,-20,-11,-20,28,63,85,0.0,1026,-12,10,188,18,"marquette,mi"
2019-01-21 23:00:00,-11,-24,0.3,8.7,1,100,07:25 PM,09:50 AM,09:25 AM,06:37 PM,-13,-20,-12,-20,28,70,85,0.0,1027,-12,10,187,19,"marquette,mi"
2019-01-22 00:00:00,-8,-10,2.0,3.4,1,88,08:44 PM,10:34 AM,09:24 AM,06:38 PM,-13,-20,-12,-20,29,77,85,0.0,1028,-13,10,187,19,"marquette,mi"
2019-01-22 01:00:00,-8,-10,2.0,3.4,1,88,08:44 PM,10:34 AM,09:24 AM,06:38 PM,-13,-19,-11,-19,29,82,85,0.0,1027,-12,9,187,18,"marquette,mi"
2019-01-22 02:00:00,-8,-10,2.0,3.4,1,88,08:44 PM,10:34 AM,09:24 AM,06:38 PM,-13,-18,-11,-18,30,88,84,0.0,1026,-12,8,187,17,"marquette,mi"
2019-01-22 03:00:00,-8,-10,2.0,3.4,1,88,08:44 PM,10:34 AM,09:24 AM,06:38 PM,-12,-17,-10,-17,30,93,83,0.0,1025,-11,7,187,16,"marquette,mi"
2019-01-22 04:00:00,-8,-10,2.0,3.4,1,88,08:44 PM,10:34 AM,09:24 AM,06:38 PM,-12,-17,-10,-17,30,96,85,0.0,1024,-11,6,185,16,"marquette,mi"
2019-01-22 05:00:00,-8,-10,2.0,3.4,1,88,08:44 PM,10:34 AM,09:24 AM,06:38 PM,-11,-16,-9,-16,29,98,86,0.3,1022,-10,4,184,16,"marquette,mi"
2019-01-22 06:00:00,-8,-10,2.0,3.4,1,88,08:44 PM,10:34 AM,09:24 AM,06:38 PM,-11,-16,-9,-16,29,100,87,0.4,1020,-10,2,182,16,"marquette,mi"
2019-01-22 07:00:00,-8,-10,2.0,3.4,1,88,08:44 PM,10:34 AM,09:24 AM,06:38 PM,-11,-15,-9,-15,30,100,88,0.2,1019,-10,2,182,15,"marquette,mi"
2019-01-22 08:00:00,-8,-10,2.0,3.4,1,88,08:44 PM,10:34 AM,09:24 AM,06:38 PM,-11,-15,-9,-15,30,100,88,0.4,1018,-10,2,181,14,"marquette,mi"
2019-01-22 09:00:00,-8,-10,2.0,3.4,1,88,08:44 PM,10:34 AM,09:24 AM,06:38 PM,-11,-15,-9,-15,31,100,89,0.5,1017,-10,2,181,13,"marquette,mi"
2019-01-22 10:00:00,-8,-10,2.0,3.4,1,88,08:44 PM,10:34 AM,09:24 AM,06:38 PM,-10,-14,-8,-14,31,100,88,0.3,1017,-9,3,184,13,"marquette,mi"
2019-01-22 11:00:00,-8,-10,2.0,3.4,1,88,08:44 PM,10:34 AM,09:24 AM,06:38 PM,-10,-14,-8,-14,30,100,87,0.1,1016,-9,4,188,14,"marquette,mi"
2019-01-22 12:00:00,-8,-10,2.0,3.4,1,88,08:44 PM,10:34 AM,09:24 AM,06:38 PM,-9,-14,-8,-14,30,100,86,0.2,1016,-9,5,191,14,"marquette,mi"
2019-01-22 13:00:00,-8,-10,2.0,3.4,1,88,08:44 PM,10:34 AM,09:24 AM,06:38 PM,-9,-13,-7,-13,27,100,85,0.1,1015,-8,6,199,13,"marquette,mi"
2019-01-22 14:00:00,-8,-10,2.0,3.4,1,88,08:44 PM,10:34 AM,09:24 AM,06:38 PM,-9,-13,-7,-13,23,100,84,0.1,1014,-8,6,208,12,"marquette,mi"
2019-01-22 15:00:00,-8,-10,2.0,3.4,1,88,08:44 PM,10:34 AM,09:24 AM,06:38 PM,-9,-13,-7,-13,20,100,83,0.1,1013,-8,7,216,12,"marquette,mi"
2019-01-22 16:00:00,-8,-10,2.0,3.4,1,88,08:44 PM,10:34 AM,09:24 AM,06:38 PM,-9,-13,-7,-13,17,100,83,0.0,1012,-8,6,224,11,"marquette,mi"
2019-01-22 17:00:00,-8,-10,2.0,3.4,1,88,08:44 PM,10:34 AM,09:24 AM,06:38 PM,-9,-12,-7,-12,15,99,82,0.1,1012,-8,6,231,11,"marquette,mi"
2019-01-22 18:00:00,-8,-10,2.0,3.4,1,88,08:44 PM,10:34 AM,09:24 AM,06:38 PM,-10,-12,-7,-12,12,99,82,0.1,1011,-8,5,239,10,"marquette,mi"
2019-01-22 19:00:00,-8,-10,2.0,3.4,1,88,08:44 PM,10:34 AM,09:24 AM,06:38 PM,-10,-12,-8,-12,12,95,84,0.1,1011,-8,6,247,10,"marquette,mi"
2019-01-22 20:00:00,-8,-10,2.0,3.4,1,88,08:44 PM,10:34 AM,09:24 AM,06:38 PM,-10,-12,-8,-12,12,90,86,0.0,1011,-9,8,256,10,"marquette,mi"
2019-01-22 21:00:00,-8,-10,2.0,3.4,1,88,08:44 PM,10:34 AM,09:24 AM,06:38 PM,-10,-12,-8,-12,11,86,88,0.0,1011,-9,10,265,10,"marquette,mi"
2019-01-22 22:00:00,-8,-10,2.0,3.4,1,88,08:44 PM,10:34 AM,09:24 AM,06:38 PM,-10,-12,-8,-12,13,75,87,0.0,1013,-9,10,272,9,"marquette,mi"
2019-01-22 23:00:00,-8,-10,2.0,3.4,1,88,08:44 PM,10:34 AM,09:24 AM,06:38 PM,-11,-12,-8,-12,15,64,85,0.0,1014,-9,10,278,9,"marquette,mi"
2019-01-23 00:00:00,-9,-12,1.2,3.4,2,81,10:03 PM,11:12 AM,09:24 AM,06:40 PM,-11,-12,-8,-12,17,53,84,0.0,1016,-9,10,285,8,"marquette,mi"
2019-01-23 01:00:00,-9,-12,1.2,3.4,2,81,10:03 PM,11:12 AM,09:24 AM,06:40 PM,-11,-12,-9,-12,17,50,84,0.0,1015,-9,10,288,9,"marquette,mi"
2019-01-23 02:00:00,-9,-12,1.2,3.4,2,81,10:03 PM,11:12 AM,09:24 AM,06:40 PM,-11,-13,-9,-13,18,46,85,0.0,1015,-10,10,291,9,"marquette,mi"
2019-01-23 03:00:00,-9,-12,1.2,3.4,2,81,10:03 PM,11:12 AM,09:24 AM,06:40 PM,-11,-14,-9,-14,18,43,85,0.0,1014,-10,10,293,9,"marquette,mi"
2019-01-23 04:00:00,-9,-12,1.2,3.4,2,81,10:03 PM,11:12 AM,09:24 AM,06:40 PM,-11,-14,-9,-14,18,52,86,0.0,1013,-10,10,300,10,"marquette,mi"
2019-01-23 05:00:00,-9,-12,1.2,3.4,2,81,10:03 PM,11:12 AM,09:24 AM,06:40 PM,-11,-15,-9,-15,17,61,87,0.0,1013,-10,10,306,11,"marquette,mi"
2019-01-23 06:00:00,-9,-12,1.2,3.4,2,81,10:03 PM,11:12 AM,09:24 AM,06:40 PM,-11,-16,-10,-16,16,71,88,0.0,1012,-11,10,313,11,"marquette,mi"
2019-01-23 07:00:00,-9,-12,1.2,3.4,2,81,10:03 PM,11:12 AM,09:24 AM,06:40 PM,-12,-16,-10,-16,15,80,87,0.0,1012,-11,10,319,11,"marquette,mi"
2019-01-23 08:00:00,-9,-12,1.2,3.4,2,81,10:03 PM,11:12 AM,09:24 AM,06:40 PM,-12,-17,-10,-17,15,88,86,0.0,1012,-11,10,325,12,"marquette,mi"
2019-01-23 09:00:00,-9,-12,1.2,3.4,2,81,10:03 PM,11:12 AM,09:24 AM,06:40 PM,-13,-17,-11,-17,15,97,85,0.0,1013,-12,10,332,12,"marquette,mi"
2019-01-23 10:00:00,-9,-12,1.2,3.4,2,81,10:03 PM,11:12 AM,09:24 AM,06:40 PM,-12,-17,-10,-17,15,98,84,0.0,1013,-11,9,335,12,"marquette,mi"
2019-01-23 11:00:00,-9,-12,1.2,3.4,2,81,10:03 PM,11:12 AM,09:24 AM,06:40 PM,-12,-16,-10,-16,15,99,83,0.1,1014,-11,8,338,13,"marquette,mi"
2019-01-23 12:00:00,-9,-12,1.2,3.4,2,81,10:03 PM,11:12 AM,09:24 AM,06:40 PM,-12,-16,-9,-16,16,100,82,0.1,1014,-10,7,342,13,"marquette,mi"
2019-01-23 13:00:00,-9,-12,1.2,3.4,2,81,10:03 PM,11:12 AM,09:24 AM,06:40 PM,-11,-15,-9,-15,17,100,81,0.1,1015,-10,6,341,12,"marquette,mi"
2019-01-23 14:00:00,-9,-12,1.2,3.4,2,81,10:03 PM,11:12 AM,09:24 AM,06:40 PM,-11,-14,-8,-14,17,100,80,0.2,1015,-9,4,340,12,"marquette,mi"
2019-01-23 15:00:00,-9,-12,1.2,3.4,2,81,10:03 PM,11:12 AM,09:24 AM,06:40 PM,-11,-14,-8,-14,18,100,78,0.3,1015,-9,2,339,11,"marquette,mi"
2019-01-23 16:00:00,-9,-12,1.2,3.4,2,81,10:03 PM,11:12 AM,09:24 AM,06:40 PM,-11,-14,-8,-14,19,100,78,0.1,1015,-9,2,338,10,"marquette,mi"
2019-01-23 17:00:00,-9,-12,1.2,3.4,2,81,10:03 PM,11:12 AM,09:24 AM,06:40 PM,-12,-14,-9,-14,19,100,79,0.2,1015,-9,2,337,8,"marquette,mi"
2019-01-23 18:00:00,-9,-12,1.2,3.4,2,81,10:03 PM,11:12 AM,09:24 AM,06:40 PM,-12,-14,-9,-14,20,100,79,0.2,1015,-10,2,336,7,"marquette,mi"
2019-01-23 19:00:00,-9,-12,1.2,3.4,2,81,10:03 PM,11:12 AM,09:24 AM,06:40 PM,-12,-14,-10,-14,20,93,79,0.1,1014,-11,3,330,7,"marquette,mi"
2019-01-23 20:00:00,-9,-12,1.2,3.4,2,81,10:03 PM,11:12 AM,09:24 AM,06:40 PM,-13,-15,-11,-15,19,86,80,0.1,1013,-12,4,323,7,"marquette,mi"
2019-01-23 21:00:00,-9,-12,1.2,3.4,2,81,10:03 PM,11:12 AM,09:24 AM,06:40 PM,-13,-16,-12,-16,19,79,80,0.2,1013,-14,5,317,6,"marquette,mi"
2019-01-23 22:00:00,-9,-12,1.2,3.4,2,81,10:03 PM,11:12 AM,09:24 AM,06:40 PM,-12,-16,-12,-16,19,67,81,0.1,1011,-14,6,310,8,"marquette,mi"
2019-01-23 23:00:00,-9,-12,1.2,3.4,2,81,10:03 PM,11:12 AM,09:24 AM,06:40 PM,-12,-16,-12,-16,19,55,82,0.0,1010,-14,8,302,9,"marquette,mi"
2019-01-24 00:00:00,-10,-11,1.7,3.4,2,73,11:21 PM,11:44 AM,09:23 AM,06:41 PM,-11,-17,-12,-17,19,42,83,0.0,1008,-15,10,295,10,"marquette,mi"
2019-01-24 01:00:00,-10,-11,1.7,3.4,2,73,11:21 PM,11:44 AM,09:23 AM,06:41 PM,-11,-16,-11,-16,19,45,83,0.0,1008,-13,10,290,11,"marquette,mi"
2019-01-24 02:00:00,-10,-11,1.7,3.4,2,73,11:21 PM,11:44 AM,09:23 AM,06:41 PM,-11,-15,-10,-15,19,47,84,0.0,1008,-11,10,286,11,"marquette,mi"
2019-01-24 03:00:00,-10,-11,1.7,3.4,2,73,11:21 PM,11:44 AM,09:23 AM,06:41 PM,-11,-14,-9,-14,19,49,84,0.0,1008,-10,10,281,12,"marquette,mi"
2019-01-24 04:00:00,-10,-11,1.7,3.4,2,73,11:21 PM,11:44 AM,09:23 AM,06:41 PM,-12,-14,-9,-14,19,48,84,0.0,1008,-10,10,280,11,"marquette,mi"
2019-01-24 05:00:00,-10,-11,1.7,3.4,2,73,11:21 PM,11:44 AM,09:23 AM,06:41 PM,-12,-14,-9,-14,18,47,85,0.0,1007,-10,10,279,10,"marquette,mi"
2019-01-24 06:00:00,-10,-11,1.7,3.4,2,73,11:21 PM,11:44 AM,09:23 AM,06:41 PM,-12,-14,-10,-14,18,47,85,0.0,1007,-11,10,278,9,"marquette,mi"
2019-01-24 07:00:00,-10,-11,1.7,3.4,2,73,11:21 PM,11:44 AM,09:23 AM,06:41 PM,-12,-14,-10,-14,18,54,84,0.0,1008,-10,9,282,10,"marquette,mi"
2019-01-24 08:00:00,-10,-11,1.7,3.4,2,73,11:21 PM,11:44 AM,09:23 AM,06:41 PM,-12,-15,-9,-15,17,62,82,0.0,1008,-10,9,285,11,"marquette,mi"
2019-01-24 09:00:00,-10,-11,1.7,3.4,2,73,11:21 PM,11:44 AM,09:23 AM,06:41 PM,-12,-15,-9,-15,16,69,80,0.0,1008,-10,8,289,12,"marquette,mi"
2019-01-24 10:00:00,-10,-11,1.7,3.4,2,73,11:21 PM,11:44 AM,09:23 AM,06:41 PM,-13,-16,-10,-16,15,79,78,0.0,1008,-10,7,291,15,"marquette,mi"
2019-01-24 11:00:00,-10,-11,1.7,3.4,2,73,11:21 PM,11:44 AM,09:23 AM,06:41 PM,-13,-17,-10,-17,15,90,75,0.1,1008,-11,5,294,18,"marquette,mi"
2019-01-24 12:00:00,-10,-11,1.7,3.4,2,73,11:21 PM,11:44 AM,09:23 AM,06:41 PM,-14,-18,-10,-18,14,100,73,0.1,1008,-11,4,296,21,"marquette,mi"
2019-01-24 13:00:00,-10,-11,1.7,3.4,2,73,11:21 PM,11:44 AM,09:23 AM,06:41 PM,-14,-18,-10,-18,15,100,72,0.0,1008,-11,3,297,23,"marquette,mi"
2019-01-24 14:00:00,-10,-11,1.7,3.4,2,73,11:21 PM,11:44 AM,09:23 AM,06:41 PM,-14,-19,-10,-19,16,100,71,0.1,1008,-11,3,298,24,"marquette,mi"
2019-01-24 15:00:00,-10,-11,1.7,3.4,2,73,11:21 PM,11:44 AM,09:23 AM,06:41 PM,-15,-19,-10,-19,17,100,70,0.1,1008,-11,2,299,25,"marquette,mi"
2019-01-24 16:00:00,-10,-11,1.7,3.4,2,73,11:21 PM,11:44 AM,09:23 AM,06:41 PM,-15,-18,-9,-18,19,100,72,0.1,1009,-11,2,306,25,"marquette,mi"
2019-01-24 17:00:00,-10,-11,1.7,3.4,2,73,11:21 PM,11:44 AM,09:23 AM,06:41 PM,-14,-17,-9,-17,22,100,73,0.2,1010,-11,2,313,24,"marquette,mi"
2019-01-24 18:00:00,-10,-11,1.7,3.4,2,73,11:21 PM,11:44 AM,09:23 AM,06:41 PM,-14,-16,-9,-16,24,100,75,0.3,1011,-11,2,321,24,"marquette,mi"
2019-01-24 19:00:00,-10,-11,1.7,3.4,2,73,11:21 PM,11:44 AM,09:23 AM,06:41 PM,-16,-15,-9,-15,27,100,73,0.1,1013,-11,2,325,24,"marquette,mi"
2019-01-24 20:00:00,-10,-11,1.7,3.4,2,73,11:21 PM,11:44 AM,09:23 AM,06:41 PM,-18,-14,-9,-14,29,100,71,0.3,1014,-12,2,330,24,"marquette,mi"
2019-01-24 21:00:00,-10,-11,1.7,3.4,2,73,11:21 PM,11:44 AM,09:23 AM,06:41 PM,-20,-13,-9,-13,32,100,69,0.4,1016,-13,2,335,24,"marquette,mi"
2019-01-24 22:00:00,-10,-11,1.7,3.4,2,73,11:21 PM,11:44 AM,09:23 AM,06:41 PM,-20,-14,-10,-14,33,100,69,0.2,1016,-13,2,331,24,"marquette,mi"
2019-01-24 23:00:00,-10,-11,1.7,3.4,2,73,11:21 PM,11:44 AM,09:23 AM,06:41 PM,-21,-16,-11,-16,35,100,70,0.2,1016,-14,2,328,23,"marquette,mi"
2019-01-25 00:00:00,-18,-20,1.5,3.5,1,66,No moonrise,12:12 PM,09:22 AM,06:43 PM,-21,-18,-12,-18,36,100,70,0.2,1017,-15,2,324,23,"marquette,mi"
2019-01-25 01:00:00,-18,-20,1.5,3.5,1,66,No moonrise,12:12 PM,09:22 AM,06:43 PM,-21,-20,-14,-20,34,96,69,0.1,1017,-16,3,323,21,"marquette,mi"
2019-01-25 02:00:00,-18,-20,1.5,3.5,1,66,No moonrise,12:12 PM,09:22 AM,06:43 PM,-22,-23,-15,-23,32,92,68,0.1,1017,-17,4,321,20,"marquette,mi"
2019-01-25 03:00:00,-18,-20,1.5,3.5,1,66,No moonrise,12:12 PM,09:22 AM,06:43 PM,-22,-26,-17,-26,31,89,67,0.2,1017,-18,5,320,18,"marquette,mi"
2019-01-25 04:00:00,-18,-20,1.5,3.5,1,66,No moonrise,12:12 PM,09:22 AM,06:43 PM,-22,-27,-18,-27,28,85,68,0.1,1017,-18,6,318,17,"marquette,mi"
2019-01-25 05:00:00,-18,-20,1.5,3.5,1,66,No moonrise,12:12 PM,09:22 AM,06:43 PM,-23,-27,-18,-27,25,81,69,0.0,1017,-19,7,315,16,"marquette,mi"
2019-01-25 06:00:00,-18,-20,1.5,3.5,1,66,No moonrise,12:12 PM,09:22 AM,06:43 PM,-23,-28,-19,-28,22,77,70,0.0,1017,-20,8,313,15,"marquette,mi"
2019-01-25 07:00:00,-18,-20,1.5,3.5,1,66,No moonrise,12:12 PM,09:22 AM,06:43 PM,-22,-27,-18,-27,19,85,73,0.0,1016,-19,7,308,14,"marquette,mi"
2019-01-25 08:00:00,-18,-20,1.5,3.5,1,66,No moonrise,12:12 PM,09:22 AM,06:43 PM,-21,-26,-18,-26,17,92,76,0.0,1015,-19,6,303,14,"marquette,mi"
2019-01-25 09:00:00,-18,-20,1.5,3.5,1,66,No moonrise,12:12 PM,09:22 AM,06:43 PM,-20,-26,-18,-26,15,100,79,0.0,1014,-19,5,297,13,"marquette,mi"
2019-01-25 10:00:00,-18,-20,1.5,3.5,1,66,No moonrise,12:12 PM,09:22 AM,06:43 PM,-20,-26,-18,-26,15,100,79,0.0,1015,-18,5,292,14,"marquette,mi"
2019-01-25 11:00:00,-18,-20,1.5,3.5,1,66,No moonrise,12:12 PM,09:22 AM,06:43 PM,-20,-26,-17,-26,15,100,78,0.1,1016,-18,4,287,15,"marquette,mi"
2019-01-25 12:00:00,-18,-20,1.5,3.5,1,66,No moonrise,12:12 PM,09:22 AM,06:43 PM,-20,-26,-17,-26,14,100,78,0.1,1017,-18,4,281,16,"marquette,mi"
2019-01-25 13:00:00,-18,-20,1.5,3.5,1,66,No moonrise,12:12 PM,09:22 AM,06:43 PM,-21,-27,-18,-27,15,100,74,0.0,1018,-18,4,282,16,"marquette,mi"
2019-01-25 14:00:00,-18,-20,1.5,3.5,1,66,No moonrise,12:12 PM,09:22 AM,06:43 PM,-23,-27,-18,-27,15,100,70,0.1,1019,-19,3,283,16,"marquette,mi"
2019-01-25 15:00:00,-18,-20,1.5,3.5,1,66,No moonrise,12:12 PM,09:22 AM,06:43 PM,-24,-28,-18,-28,16,100,66,0.1,1021,-19,3,285,16,"marquette,mi"
2019-01-25 16:00:00,-18,-20,1.5,3.5,1,66,No moonrise,12:12 PM,09:22 AM,06:43 PM,-24,-28,-19,-28,16,100,65,0.1,1021,-20,4,286,14,"marquette,mi"
2019-01-25 17:00:00,-18,-20,1.5,3.5,1,66,No moonrise,12:12 PM,09:22 AM,06:43 PM,-25,-27,-19,-27,16,100,65,0.1,1022,-20,4,288,12,"marquette,mi"
2019-01-25 18:00:00,-18,-20,1.5,3.5,1,66,No moonrise,12:12 PM,09:22 AM,06:43 PM,-25,-27,-20,-27,16,100,65,0.1,1022,-21,5,290,10,"marquette,mi"
2019-01-25 19:00:00,-18,-20,1.5,3.5,1,66,No moonrise,12:12 PM,09:22 AM,06:43 PM,-25,-28,-20,-28,16,100,67,0.0,1022,-21,6,287,11,"marquette,mi"
2019-01-25 20:00:00,-18,-20,1.5,3.5,1,66,No moonrise,12:12 PM,09:22 AM,06:43 PM,-25,-28,-21,-28,15,100,69,0.0,1022,-21,6,283,11,"marquette,mi"
2019-01-25 21:00:00,-18,-20,1.5,3.5,1,66,No moonrise,12:12 PM,09:22 AM,06:43 PM,-25,-28,-21,-28,15,100,71,0.0,1022,-22,7,280,11,"marquette,mi"
2019-01-25 22:00:00,-18,-20,1.5,3.5,1,66,No moonrise,12:12 PM,09:22 AM,06:43 PM,-25,-29,-21,-29,16,97,72,0.0,1022,-22,8,274,12,"marquette,mi"
2019-01-25 23:00:00,-18,-20,1.5,3.5,1,66,No moonrise,12:12 PM,09:22 AM,06:43 PM,-25,-29,-22,-29,17,93,74,0.0,1022,-23,9,268,12,"marquette,mi"
2019-01-26 00:00:00,-18,-24,0.0,5.2,1,59,12:35 AM,12:39 PM,09:21 AM,06:44 PM,-26,-30,-22,-30,18,90,76,0.0,1022,-23,10,262,13,"marquette,mi"
2019-01-26 01:00:00,-18,-24,0.0,5.2,1,59,12:35 AM,12:39 PM,09:21 AM,06:44 PM,-26,-30,-23,-30,19,85,76,0.0,1022,-24,10,261,12,"marquette,mi"
2019-01-26 02:00:00,-18,-24,0.0,5.2,1,59,12:35 AM,12:39 PM,09:21 AM,06:44 PM,-26,-31,-23,-31,20,80,77,0.0,1022,-24,10,259,12,"marquette,mi"
2019-01-26 03:00:00,-18,-24,0.0,5.2,1,59,12:35 AM,12:39 PM,09:21 AM,06:44 PM,-27,-31,-24,-31,21,75,78,0.0,1022,-25,10,258,12,"marquette,mi"
2019-01-26 04:00:00,-18,-24,0.0,5.2,1,59,12:35 AM,12:39 PM,09:21 AM,06:44 PM,-26,-31,-23,-31,21,79,77,0.0,1022,-24,10,257,12,"marquette,mi"
2019-01-26 05:00:00,-18,-24,0.0,5.2,1,59,12:35 AM,12:39 PM,09:21 AM,06:44 PM,-26,-31,-23,-31,21,83,77,0.0,1022,-24,10,256,11,"marquette,mi"
2019-01-26 06:00:00,-18,-24,0.0,5.2,1,59,12:35 AM,12:39 PM,09:21 AM,06:44 PM,-26,-30,-22,-30,22,87,77,0.0,1022,-23,10,255,11,"marquette,mi"
2019-01-26 07:00:00,-18,-24,0.0,5.2,1,59,12:35 AM,12:39 PM,09:21 AM,06:44 PM,-26,-30,-22,-30,21,82,77,0.0,1022,-23,10,250,11,"marquette,mi"
2019-01-26 08:00:00,-18,-24,0.0,5.2,1,59,12:35 AM,12:39 PM,09:21 AM,06:44 PM,-26,-30,-22,-30,21,76,77,0.0,1022,-23,10,246,10,"marquette,mi"
2019-01-26 09:00:00,-18,-24,0.0,5.2,1,59,12:35 AM,12:39 PM,09:21 AM,06:44 PM,-25,-30,-22,-30,21,71,77,0.0,1023,-23,10,241,10,"marquette,mi"
2019-01-26 10:00:00,-18,-24,0.0,5.2,1,59,12:35 AM,12:39 PM,09:21 AM,06:44 PM,-25,-29,-21,-29,20,63,75,0.0,1022,-22,10,235,11,"marquette,mi"
2019-01-26 11:00:00,-18,-24,0.0,5.2,1,59,12:35 AM,12:39 PM,09:21 AM,06:44 PM,-24,-28,-20,-28,19,54,73,0.0,1022,-21,10,230,13,"marquette,mi"
2019-01-26 12:00:00,-18,-24,0.0,5.2,1,59,12:35 AM,12:39 PM,09:21 AM,06:44 PM,-23,-27,-19,-27,18,46,70,0.0,1022,-20,10,224,15,"marquette,mi"
2019-01-26 13:00:00,-18,-24,0.0,5.2,1,59,12:35 AM,12:39 PM,09:21 AM,06:44 PM,-22,-26,-18,-26,18,52,69,0.0,1021,-19,10,225,15,"marquette,mi"
2019-01-26 14:00:00,-18,-24,0.0,5.2,1,59,12:35 AM,12:39 PM,09:21 AM,06:44 PM,-22,-26,-18,-26,18,57,67,0.0,1020,-18,10,226,16,"marquette,mi"
2019-01-26 15:00:00,-18,-24,0.0,5.2,1,59,12:35 AM,12:39 PM,09:21 AM,06:44 PM,-21,-25,-17,-25,18,63,66,0.0,1019,-18,10,227,17,"marquette,mi"
2019-01-26 16:00:00,-18,-24,0.0,5.2,1,59,12:35 AM,12:39 PM,09:21 AM,06:44 PM,-22,-25,-17,-25,18,68,66,0.0,1018,-18,10,232,16,"marquette,mi"
2019-01-26 17:00:00,-18,-24,0.0,5.2,1,59,12:35 AM,12:39 PM,09:21 AM,06:44 PM,-22,-26,-17,-26,18,73,66,0.0,1016,-18,10,238,15,"marquette,mi"
2019-01-26 18:00:00,-18,-24,0.0,5.2,1,59,12:35 AM,12:39 PM,09:21 AM,06:44 PM,-22,-26,-18,-26,19,78,66,0.0,1015,-19,10,243,14,"marquette,mi"
2019-01-26 19:00:00,-18,-24,0.0,5.2,1,59,12:35 AM,12:39 PM,09:21 AM,06:44 PM,-22,-27,-18,-27,19,70,69,0.0,1016,-19,10,249,14,"marquette,mi"
2019-01-26 20:00:00,-18,-24,0.0,5.2,1,59,12:35 AM,12:39 PM,09:21 AM,06:44 PM,-22,-27,-19,-27,19,62,71,0.0,1017,-19,10,255,14,"marquette,mi"
2019-01-26 21:00:00,-18,-24,0.0,5.2,1,59,12:35 AM,12:39 PM,09:21 AM,06:44 PM,-22,-28,-19,-28,19,54,74,0.0,1018,-20,10,262,13,"marquette,mi"
2019-01-26 22:00:00,-18,-24,0.0,5.2,1,59,12:35 AM,12:39 PM,09:21 AM,06:44 PM,-22,-28,-19,-28,20,67,74,0.0,1016,-20,9,273,14,"marquette,mi"
2019-01-26 23:00:00,-18,-24,0.0,5.2,1,59,12:35 AM,12:39 PM,09:21 AM,06:44 PM,-23,-29,-20,-29,21,80,75,0.0,1013,-20,9,284,15,"marquette,mi"
2019-01-27 00:00:00,-21,-25,0.3,3.5,1,51,01:47 AM,01:06 PM,09:20 AM,06:46 PM,-23,-29,-20,-29,21,93,75,0.0,1011,-21,8,295,16,"marquette,mi"
2019-01-27 01:00:00,-21,-25,0.3,3.5,1,51,01:47 AM,01:06 PM,09:20 AM,06:46 PM,-24,-30,-21,-30,22,94,75,0.0,1013,-21,8,303,16,"marquette,mi"
2019-01-27 02:00:00,-21,-25,0.3,3.5,1,51,01:47 AM,01:06 PM,09:20 AM,06:46 PM,-25,-31,-21,-31,24,95,74,0.0,1014,-22,7,311,16,"marquette,mi"
2019-01-27 03:00:00,-21,-25,0.3,3.5,1,51,01:47 AM,01:06 PM,09:20 AM,06:46 PM,-25,-31,-22,-31,25,95,74,0.0,1016,-23,7,319,16,"marquette,mi"
2019-01-27 04:00:00,-21,-25,0.3,3.5,1,51,01:47 AM,01:06 PM,09:20 AM,06:46 PM,-26,-32,-22,-32,24,97,73,0.0,1016,-23,7,316,16,"marquette,mi"
2019-01-27 05:00:00,-21,-25,0.3,3.5,1,51,01:47 AM,01:06 PM,09:20 AM,06:46 PM,-26,-32,-22,-32,24,98,73,0.0,1016,-23,8,314,15,"marquette,mi"
2019-01-27 06:00:00,-21,-25,0.3,3.5,1,51,01:47 AM,01:06 PM,09:20 AM,06:46 PM,-27,-33,-23,-33,23,100,72,0.0,1016,-24,8,311,15,"marquette,mi"
2019-01-27 07:00:00,-21,-25,0.3,3.5,1,51,01:47 AM,01:06 PM,09:20 AM,06:46 PM,-27,-33,-23,-33,22,100,70,0.0,1017,-24,8,308,15,"marquette,mi"
2019-01-27 08:00:00,-21,-25,0.3,3.5,1,51,01:47 AM,01:06 PM,09:20 AM,06:46 PM,-27,-34,-23,-34,22,100,69,0.0,1018,-24,7,306,15,"marquette,mi"
2019-01-27 09:00:00,-21,-25,0.3,3.5,1,51,01:47 AM,01:06 PM,09:20 AM,06:46 PM,-28,-34,-24,-34,21,100,67,0.0,1019,-25,7,303,16,"marquette,mi"
2019-01-27 10:00:00,-21,-25,0.3,3.5,1,51,01:47 AM,01:06 PM,09:20 AM,06:46 PM,-27,-34,-23,-34,21,100,67,0.0,1020,-24,8,303,16,"marquette,mi"
2019-01-27 11:00:00,-21,-25,0.3,3.5,1,51,01:47 AM,01:06 PM,09:20 AM,06:46 PM,-27,-33,-23,-33,20,99,66,0.0,1020,-24,9,303,16,"marquette,mi"
2019-01-27 12:00:00,-21,-25,0.3,3.5,1,51,01:47 AM,01:06 PM,09:20 AM,06:46 PM,-27,-33,-22,-33,19,99,65,0.0,1020,-23,10,303,17,"marquette,mi"
2019-01-27 13:00:00,-21,-25,0.3,3.5,1,51,01:47 AM,01:06 PM,09:20 AM,06:46 PM,-26,-32,-22,-32,18,98,64,0.0,1020,-23,10,301,16,"marquette,mi"
2019-01-27 14:00:00,-21,-25,0.3,3.5,1,51,01:47 AM,01:06 PM,09:20 AM,06:46 PM,-26,-31,-21,-31,16,97,63,0.0,1020,-22,10,299,15,"marquette,mi"
2019-01-27 15:00:00,-21,-25,0.3,3.5,1,51,01:47 AM,01:06 PM,09:20 AM,06:46 PM,-26,-30,-21,-30,14,97,62,0.0,1020,-22,10,297,14,"marquette,mi"
2019-01-27 16:00:00,-21,-25,0.3,3.5,1,51,01:47 AM,01:06 PM,09:20 AM,06:46 PM,-26,-29,-21,-29,13,94,62,0.0,1020,-22,10,265,12,"marquette,mi"
2019-01-27 17:00:00,-21,-25,0.3,3.5,1,51,01:47 AM,01:06 PM,09:20 AM,06:46 PM,-26,-29,-21,-29,12,91,62,0.0,1020,-22,10,234,10,"marquette,mi"
2019-01-27 18:00:00,-21,-25,0.3,3.5,1,51,01:47 AM,01:06 PM,09:20 AM,06:46 PM,-26,-29,-21,-29,10,88,63,0.0,1020,-22,10,202,9,"marquette,mi"
2019-01-27 19:00:00,-21,-25,0.3,3.5,1,51,01:47 AM,01:06 PM,09:20 AM,06:46 PM,-27,-30,-22,-30,8,83,66,0.0,1020,-23,10,161,8,"marquette,mi"
2019-01-27 20:00:00,-21,-25,0.3,3.5,1,51,01:47 AM,01:06 PM,09:20 AM,06:46 PM,-27,-31,-23,-31,6,78,68,0.0,1020,-24,10,120,8,"marquette,mi"
2019-01-27 21:00:00,-21,-25,0.3,3.5,1,51,01:47 AM,01:06 PM,09:20 AM,06:46 PM,-28,-32,-24,-32,4,74,71,0.0,1020,-25,10,79,7,"marquette,mi"
2019-01-27 22:00:00,-21,-25,0.3,3.5,1,51,01:47 AM,01:06 PM,09:20 AM,06:46 PM,-28,-31,-25,-31,3,80,73,0.0,1019,-26,10,118,7,"marquette,mi"
2019-01-27 23:00:00,-21,-25,0.3,3.5,1,51,01:47 AM,01:06 PM,09:20 AM,06:46 PM,-28,-31,-25,-31,3,86,75,0.0,1019,-26,10,157,6,"marquette,mi"
2019-01-28 00:00:00,-18,-24,1.8,3.5,1,44,02:57 AM,01:34 PM,09:18 AM,06:47 PM,-29,-30,-26,-30,2,92,76,0.0,1018,-27,10,197,6,"marquette,mi"
2019-01-28 01:00:00,-18,-24,1.8,3.5,1,44,02:57 AM,01:34 PM,09:18 AM,06:47 PM,-29,-30,-26,-30,4,93,75,0.0,1018,-27,10,180,7,"marquette,mi"
2019-01-28 02:00:00,-18,-24,1.8,3.5,1,44,02:57 AM,01:34 PM,09:18 AM,06:47 PM,-29,-29,-26,-29,6,95,74,0.0,1019,-27,10,163,7,"marquette,mi"
2019-01-28 03:00:00,-18,-24,1.8,3.5,1,44,02:57 AM,01:34 PM,09:18 AM,06:47 PM,-29,-29,-26,-29,8,96,73,0.0,1019,-27,10,146,8,"marquette,mi"
2019-01-28 04:00:00,-18,-24,1.8,3.5,1,44,02:57 AM,01:34 PM,09:18 AM,06:47 PM,-28,-30,-25,-30,9,93,73,0.0,1018,-26,10,127,9,"marquette,mi"
2019-01-28 05:00:00,-18,-24,1.8,3.5,1,44,02:57 AM,01:34 PM,09:18 AM,06:47 PM,-27,-31,-24,-31,10,90,74,0.0,1018,-25,10,108,11,"marquette,mi"
2019-01-28 06:00:00,-18,-24,1.8,3.5,1,44,02:57 AM,01:34 PM,09:18 AM,06:47 PM,-26,-32,-23,-32,11,88,74,0.0,1018,-24,10,88,13,"marquette,mi"
2019-01-28 07:00:00,-18,-24,1.8,3.5,1,44,02:57 AM,01:34 PM,09:18 AM,06:47 PM,-25,-32,-23,-32,13,89,75,0.0,1018,-24,9,89,14,"marquette,mi"
2019-01-28 08:00:00,-18,-24,1.8,3.5,1,44,02:57 AM,01:34 PM,09:18 AM,06:47 PM,-25,-32,-23,-32,14,90,77,0.0,1018,-23,8,90,15,"marquette,mi"
2019-01-28 09:00:00,-18,-24,1.8,3.5,1,44,02:57 AM,01:34 PM,09:18 AM,06:47 PM,-24,-32,-22,-32,15,92,78,0.0,1018,-23,7,90,15,"marquette,mi"
2019-01-28 10:00:00,-18,-24,1.8,3.5,1,44,02:57 AM,01:34 PM,09:18 AM,06:47 PM,-24,-32,-22,-32,15,95,79,0.0,1018,-22,6,86,16,"marquette,mi"
2019-01-28 11:00:00,-18,-24,1.8,3.5,1,44,02:57 AM,01:34 PM,09:18 AM,06:47 PM,-23,-31,-21,-31,15,97,79,0.1,1018,-22,4,83,16,"marquette,mi"
2019-01-28 12:00:00,-18,-24,1.8,3.5,1,44,02:57 AM,01:34 PM,09:18 AM,06:47 PM,-22,-30,-20,-30,15,100,79,0.2,1018,-21,2,79,16,"marquette,mi"
2019-01-28 13:00:00,-18,-24,1.8,3.5,1,44,02:57 AM,01:34 PM,09:18 AM,06:47 PM,-21,-29,-19,-29,15,100,79,0.1,1017,-20,2,74,16,"marquette,mi"
2019-01-28 14:00:00,-18,-24,1.8,3.5,1,44,02:57 AM,01:34 PM,09:18 AM,06:47 PM,-21,-28,-18,-28,15,100,79,0.2,1017,-19,2,70,16,"marquette,mi"
2019-01-28 15:00:00,-18,-24,1.8,3.5,1,44,02:57 AM,01:34 PM,09:18 AM,06:47 PM,-20,-27,-18,-27,15,100,79,0.2,1017,-19,2,65,17,"marquette,mi"
2019-01-28 16:00:00,-18,-24,1.8,3.5,1,44,02:57 AM,01:34 PM,09:18 AM,06:47 PM,-20,-27,-18,-27,15,100,79,0.1,1016,-18,2,62,16,"marquette,mi"
2019-01-28 17:00:00,-18,-24,1.8,3.5,1,44,02:57 AM,01:34 PM,09:18 AM,06:47 PM,-20,-26,-17,-26,15,100,80,0.2,1016,-18,2,60,15,"marquette,mi"
2019-01-28 18:00:00,-18,-24,1.8,3.5,1,44,02:57 AM,01:34 PM,09:18 AM,06:47 PM,-20,-26,-17,-26,14,100,80,0.2,1016,-18,2,57,14,"marquette,mi"
2019-01-28 19:00:00,-18,-24,1.8,3.5,1,44,02:57 AM,01:34 PM,09:18 AM,06:47 PM,-21,-25,-18,-25,12,100,81,0.1,1015,-18,2,89,13,"marquette,mi"
2019-01-28 20:00:00,-18,-24,1.8,3.5,1,44,02:57 AM,01:34 PM,09:18 AM,06:47 PM,-21,-25,-18,-25,11,100,81,0.2,1015,-19,3,121,11,"marquette,mi"
2019-01-28 21:00:00,-18,-24,1.8,3.5,1,44,02:57 AM,01:34 PM,09:18 AM,06:47 PM,-21,-25,-18,-25,9,100,82,0.3,1014,-19,3,153,10,"marquette,mi"
2019-01-28 22:00:00,-18,-24,1.8,3.5,1,44,02:57 AM,01:34 PM,09:18 AM,06:47 PM,-21,-24,-19,-24,8,100,82,0.1,1014,-19,3,213,10,"marquette,mi"
2019-01-28 23:00:00,-18,-24,1.8,3.5,1,44,02:57 AM,01:34 PM,09:18 AM,06:47 PM,-21,-24,-19,-24,8,100,81,0.1,1013,-20,4,273,9,"marquette,mi"
2019-01-29 00:00:00,-17,-18,3.5,3.5,1,37,04:04 AM,02:05 PM,09:17 AM,06:49 PM,-21,-24,-19,-24,7,100,81,0.1,1012,-20,4,332,9,"marquette,mi"
2019-01-29 01:00:00,-17,-18,3.5,3.5,1,37,04:04 AM,02:05 PM,09:17 AM,06:49 PM,-21,-24,-19,-24,8,100,81,0.0,1011,-20,4,317,9,"marquette,mi"
2019-01-29 02:00:00,-17,-18,3.5,3.5,1,37,04:04 AM,02:05 PM,09:17 AM,06:49 PM,-21,-24,-19,-24,9,100,81,0.1,1010,-20,3,302,9,"marquette,mi"
2019-01-29 03:00:00,-17,-18,3.5,3.5,1,37,04:04 AM,02:05 PM,09:17 AM,06:49 PM,-21,-24,-19,-24,11,100,81,0.1,1009,-20,3,288,9,"marquette,mi"
2019-01-29 04:00:00,-17,-18,3.5,3.5,1,37,04:04 AM,02:05 PM,09:17 AM,06:49 PM,-21,-23,-18,-23,12,100,81,0.1,1009,-19,3,285,9,"marquette,mi"
2019-01-29 05:00:00,-17,-18,3.5,3.5,1,37,04:04 AM,02:05 PM,09:17 AM,06:49 PM,-21,-23,-18,-23,12,100,81,0.1,1008,-19,4,282,8,"marquette,mi"
2019-01-29 06:00:00,-17,-18,3.5,3.5,1,37,04:04 AM,02:05 PM,09:17 AM,06:49 PM,-21,-23,-18,-23,13,100,81,0.1,1007,-19,4,279,8,"marquette,mi"
2019-01-29 07:00:00,-17,-18,3.5,3.5,1,37,04:04 AM,02:05 PM,09:17 AM,06:49 PM,-20,-23,-17,-23,14,100,81,0.1,1006,-18,3,280,8,"marquette,mi"
2019-01-29 08:00:00,-17,-18,3.5,3.5,1,37,04:04 AM,02:05 PM,09:17 AM,06:49 PM,-20,-23,-17,-23,15,100,81,0.1,1005,-18,3,282,7,"marquette,mi"
2019-01-29 09:00:00,-17,-18,3.5,3.5,1,37,04:04 AM,02:05 PM,09:17 AM,06:49 PM,-19,-23,-17,-23,16,100,81,0.2,1005,-18,2,283,7,"marquette,mi"
2019-01-29 10:00:00,-17,-18,3.5,3.5,1,37,04:04 AM,02:05 PM,09:17 AM,06:49 PM,-19,-24,-16,-24,16,100,79,0.1,1005,-17,2,286,10,"marquette,mi"
2019-01-29 11:00:00,-17,-18,3.5,3.5,1,37,04:04 AM,02:05 PM,09:17 AM,06:49 PM,-19,-24,-16,-24,17,100,78,0.1,1004,-17,2,289,12,"marquette,mi"
2019-01-29 12:00:00,-17,-18,3.5,3.5,1,37,04:04 AM,02:05 PM,09:17 AM,06:49 PM,-19,-24,-16,-24,18,100,77,0.2,1004,-17,2,292,14,"marquette,mi"
2019-01-29 13:00:00,-17,-18,3.5,3.5,1,37,04:04 AM,02:05 PM,09:17 AM,06:49 PM,-19,-25,-16,-25,18,100,74,0.1,1005,-17,2,299,16,"marquette,mi"
2019-01-29 14:00:00,-17,-18,3.5,3.5,1,37,04:04 AM,02:05 PM,09:17 AM,06:49 PM,-20,-25,-16,-25,18,100,72,0.2,1005,-17,2,306,18,"marquette,mi"
2019-01-29 15:00:00,-17,-18,3.5,3.5,1,37,04:04 AM,02:05 PM,09:17 AM,06:49 PM,-20,-26,-16,-26,19,100,69,0.3,1005,-17,2,314,20,"marquette,mi"
2019-01-29 16:00:00,-17,-18,3.5,3.5,1,37,04:04 AM,02:05 PM,09:17 AM,06:49 PM,-21,-27,-16,-27,21,100,68,0.1,1005,-17,2,322,22,"marquette,mi"
2019-01-29 17:00:00,-17,-18,3.5,3.5,1,37,04:04 AM,02:05 PM,09:17 AM,06:49 PM,-21,-28,-17,-28,23,100,67,0.3,1006,-17,2,330,24,"marquette,mi"
2019-01-29 18:00:00,-17,-18,3.5,3.5,1,37,04:04 AM,02:05 PM,09:17 AM,06:49 PM,-22,-29,-17,-29,26,100,66,0.4,1006,-18,2,338,26,"marquette,mi"
2019-01-29 19:00:00,-17,-18,3.5,3.5,1,37,04:04 AM,02:05 PM,09:17 AM,06:49 PM,-23,-30,-18,-30,28,100,65,0.2,1007,-19,2,330,27,"marquette,mi"
2019-01-29 20:00:00,-17,-18,3.5,3.5,1,37,04:04 AM,02:05 PM,09:17 AM,06:49 PM,-24,-31,-19,-31,30,99,65,0.3,1007,-20,3,322,28,"marquette,mi"
2019-01-29 21:00:00,-17,-18,3.5,3.5,1,37,04:04 AM,02:05 PM,09:17 AM,06:49 PM,-25,-33,-20,-33,32,99,64,0.4,1008,-21,3,314,29,"marquette,mi"
2019-01-29 22:00:00,-17,-18,3.5,3.5,1,37,04:04 AM,02:05 PM,09:17 AM,06:49 PM,-25,-33,-20,-33,31,99,65,0.2,1008,-21,4,312,28,"marquette,mi"
2019-01-29 23:00:00,-17,-18,3.5,3.5,1,37,04:04 AM,02:05 PM,09:17 AM,06:49 PM,-26,-34,-21,-34,31,98,65,0.0,1008,-22,4,310,27,"marquette,mi"
2019-01-30 00:00:00,-22,-24,1.4,3.5,1,30,05:09 AM,02:39 PM,09:16 AM,06:50 PM,-26,-34,-21,-34,30,98,66,0.0,1008,-22,5,308,27,"marquette,mi"
2019-01-30 01:00:00,-22,-24,1.4,3.5,1,30,05:09 AM,02:39 PM,09:16 AM,06:50 PM,-26,-34,-22,-34,30,99,66,0.0,1009,-22,5,311,26,"marquette,mi"
2019-01-30 02:00:00,-22,-24,1.4,3.5,1,30,05:09 AM,02:39 PM,09:16 AM,06:50 PM,-26,-35,-22,-35,30,99,66,0.1,1009,-23,5,314,25,"marquette,mi"
2019-01-30 03:00:00,-22,-24,1.4,3.5,1,30,05:09 AM,02:39 PM,09:16 AM,06:50 PM,-26,-35,-22,-35,30,100,67,0.1,1009,-23,5,316,24,"marquette,mi"
2019-01-30 04:00:00,-22,-24,1.4,3.5,1,30,05:09 AM,02:39 PM,09:16 AM,06:50 PM,-27,-35,-22,-35,30,100,65,0.0,1010,-23,5,315,24,"marquette,mi"
2019-01-30 05:00:00,-22,-24,1.4,3.5,1,30,05:09 AM,02:39 PM,09:16 AM,06:50 PM,-27,-35,-22,-35,30,100,62,0.1,1010,-23,4,314,23,"marquette,mi"
2019-01-30 06:00:00,-22,-24,1.4,3.5,1,30,05:09 AM,02:39 PM,09:16 AM,06:50 PM,-28,-35,-22,-35,31,100,60,0.1,1011,-23,4,313,23,"marquette,mi"
2019-01-30 07:00:00,-22,-24,1.4,3.5,1,30,05:09 AM,02:39 PM,09:16 AM,06:50 PM,-28,-35,-22,-35,32,100,60,0.1,1011,-23,4,310,23,"marquette,mi"
2019-01-30 08:00:00,-22,-24,1.4,3.5,1,30,05:09 AM,02:39 PM,09:16 AM,06:50 PM,-28,-35,-23,-35,32,100,60,0.1,1012,-23,3,308,23,"marquette,mi"
2019-01-30 09:00:00,-22,-24,1.4,3.5,1,30,05:09 AM,02:39 PM,09:16 AM,06:50 PM,-28,-35,-23,-35,33,100,59,0.1,1012,-24,3,305,24,"marquette,mi"
2019-01-30 10:00:00,-22,-24,1.4,3.5,1,30,05:09 AM,02:39 PM,09:16 AM,06:50 PM,-28,-35,-22,-35,33,100,60,0.1,1013,-23,3,306,24,"marquette,mi"
2019-01-30 11:00:00,-22,-24,1.4,3.5,1,30,05:09 AM,02:39 PM,09:16 AM,06:50 PM,-27,-34,-22,-34,33,100,61,0.1,1013,-23,4,307,24,"marquette,mi"
2019-01-30 12:00:00,-22,-24,1.4,3.5,1,30,05:09 AM,02:39 PM,09:16 AM,06:50 PM,-27,-34,-22,-34,33,100,62,0.1,1013,-23,4,308,24,"marquette,mi"
2019-01-30 13:00:00,-22,-24,1.4,3.5,1,30,05:09 AM,02:39 PM,09:16 AM,06:50 PM,-27,-33,-21,-33,32,100,60,0.0,1014,-22,4,309,24,"marquette,mi"
2019-01-30 14:00:00,-22,-24,1.4,3.5,1,30,05:09 AM,02:39 PM,09:16 AM,06:50 PM,-27,-33,-21,-33,31,100,59,0.1,1014,-22,3,309,25,"marquette,mi"
2019-01-30 15:00:00,-22,-24,1.4,3.5,1,30,05:09 AM,02:39 PM,09:16 AM,06:50 PM,-27,-33,-21,-33,30,100,57,0.1,1015,-22,3,310,25,"marquette,mi"
2019-01-30 16:00:00,-22,-24,1.4,3.5,1,30,05:09 AM,02:39 PM,09:16 AM,06:50 PM,-27,-32,-21,-32,29,100,58,0.0,1015,-22,4,308,24,"marquette,mi"
2019-01-30 17:00:00,-22,-24,1.4,3.5,1,30,05:09 AM,02:39 PM,09:16 AM,06:50 PM,-27,-32,-21,-32,27,100,60,0.0,1016,-22,4,306,24,"marquette,mi"
2019-01-30 18:00:00,-22,-24,1.4,3.5,1,30,05:09 AM,02:39 PM,09:16 AM,06:50 PM,-27,-32,-21,-32,26,100,61,0.0,1017,-22,5,304,24,"marquette,mi"
2019-01-30 19:00:00,-22,-24,1.4,3.5,1,30,05:09 AM,02:39 PM,09:16 AM,06:50 PM,-27,-32,-21,-32,25,100,63,0.0,1018,-22,5,298,22,"marquette,mi"
2019-01-30 20:00:00,-22,-24,1.4,3.5,1,30,05:09 AM,02:39 PM,09:16 AM,06:50 PM,-26,-32,-21,-32,25,100,64,0.1,1019,-22,5,292,21,"marquette,mi"
2019-01-30 21:00:00,-22,-24,1.4,3.5,1,30,05:09 AM,02:39 PM,09:16 AM,06:50 PM,-26,-32,-21,-32,24,100,66,0.1,1019,-22,5,286,19,"marquette,mi"
2019-01-30 22:00:00,-22,-24,1.4,3.5,1,30,05:09 AM,02:39 PM,09:16 AM,06:50 PM,-27,-33,-22,-33,24,99,67,0.0,1020,-23,5,282,19,"marquette,mi"
2019-01-30 23:00:00,-22,-24,1.4,3.5,1,30,05:09 AM,02:39 PM,09:16 AM,06:50 PM,-27,-33,-22,-33,25,98,67,0.1,1020,-23,4,277,18,"marquette,mi"
2019-01-31 00:00:00,-19,-27,0.2,5.2,1,26,06:09 AM,03:20 PM,09:15 AM,06:52 PM,-27,-33,-23,-33,26,97,68,0.1,1020,-24,4,273,18,"marquette,mi"
2019-01-31 01:00:00,-19,-27,0.2,5.2,1,26,06:09 AM,03:20 PM,09:15 AM,06:52 PM,-28,-34,-23,-34,26,93,69,0.0,1020,-24,4,271,17,"marquette,mi"
2019-01-31 02:00:00,-19,-27,0.2,5.2,1,26,06:09 AM,03:20 PM,09:15 AM,06:52 PM,-28,-34,-24,-34,25,89,69,0.1,1020,-25,4,270,15,"marquette,mi"
2019-01-31 03:00:00,-19,-27,0.2,5.2,1,26,06:09 AM,03:20 PM,09:15 AM,06:52 PM,-28,-34,-25,-34,25,85,70,0.1,1021,-26,5,268,14,"marquette,mi"
2019-01-31 04:00:00,-19,-27,0.2,5.2,1,26,06:09 AM,03:20 PM,09:15 AM,06:52 PM,-29,-35,-25,-35,25,77,71,0.0,1021,-26,6,269,14,"marquette,mi"
2019-01-31 05:00:00,-19,-27,0.2,5.2,1,26,06:09 AM,03:20 PM,09:15 AM,06:52 PM,-29,-35,-26,-35,25,69,72,0.0,1022,-26,8,270,13,"marquette,mi"
2019-01-31 06:00:00,-19,-27,0.2,5.2,1,26,06:09 AM,03:20 PM,09:15 AM,06:52 PM,-29,-35,-26,-35,25,61,72,0.0,1022,-27,10,271,13,"marquette,mi"
2019-01-31 07:00:00,-19,-27,0.2,5.2,1,26,06:09 AM,03:20 PM,09:15 AM,06:52 PM,-29,-35,-26,-35,24,51,71,0.0,1022,-26,10,272,12,"marquette,mi"
2019-01-31 08:00:00,-19,-27,0.2,5.2,1,26,06:09 AM,03:20 PM,09:15 AM,06:52 PM,-29,-34,-25,-34,24,40,70,0.0,1023,-26,10,272,12,"marquette,mi"
2019-01-31 09:00:00,-19,-27,0.2,5.2,1,26,06:09 AM,03:20 PM,09:15 AM,06:52 PM,-29,-34,-25,-34,23,30,68,0.0,1023,-26,10,273,11,"marquette,mi"
2019-01-31 10:00:00,-19,-27,0.2,5.2,1,26,06:09 AM,03:20 PM,09:15 AM,06:52 PM,-28,-33,-23,-33,21,35,66,0.0,1022,-24,10,274,13,"marquette,mi"
2019-01-31 11:00:00,-19,-27,0.2,5.2,1,26,06:09 AM,03:20 PM,09:15 AM,06:52 PM,-27,-32,-22,-32,19,40,63,0.0,1022,-23,10,274,14,"marquette,mi"
2019-01-31 12:00:00,-19,-27,0.2,5.2,1,26,06:09 AM,03:20 PM,09:15 AM,06:52 PM,-26,-30,-21,-30,18,45,61,0.0,1022,-22,10,275,16,"marquette,mi"
2019-01-31 13:00:00,-19,-27,0.2,5.2,1,26,06:09 AM,03:20 PM,09:15 AM,06:52 PM,-26,-29,-20,-29,16,58,60,0.0,1022,-21,10,276,16,"marquette,mi"
2019-01-31 14:00:00,-19,-27,0.2,5.2,1,26,06:09 AM,03:20 PM,09:15 AM,06:52 PM,-25,-28,-19,-28,14,72,59,0.0,1023,-20,10,277,16,"marquette,mi"
2019-01-31 15:00:00,-19,-27,0.2,5.2,1,26,06:09 AM,03:20 PM,09:15 AM,06:52 PM,-25,-26,-18,-26,13,85,57,0.0,1023,-19,10,278,15,"marquette,mi"
2019-01-31 16:00:00,-19,-27,0.2,5.2,1,26,06:09 AM,03:20 PM,09:15 AM,06:52 PM,-25,-27,-19,-27,13,81,59,0.0,1024,-20,10,272,14,"marquette,mi"
2019-01-31 17:00:00,-19,-27,0.2,5.2,1,26,06:09 AM,03:20 PM,09:15 AM,06:52 PM,-25,-27,-19,-27,13,77,60,0.0,1025,-20,10,267,12,"marquette,mi"
2019-01-31 18:00:00,-19,-27,0.2,5.2,1,26,06:09 AM,03:20 PM,09:15 AM,06:52 PM,-25,-27,-20,-27,13,73,61,0.0,1025,-21,10,262,10,"marquette,mi"
2019-01-31 19:00:00,-19,-27,0.2,5.2,1,26,06:09 AM,03:20 PM,09:15 AM,06:52 PM,-26,-28,-21,-28,14,59,64,0.0,1025,-22,10,257,10,"marquette,mi"
2019-01-31 20:00:00,-19,-27,0.2,5.2,1,26,06:09 AM,03:20 PM,09:15 AM,06:52 PM,-26,-30,-22,-30,15,46,67,0.0,1025,-23,10,252,10,"marquette,mi"
2019-01-31 21:00:00,-19,-27,0.2,5.2,1,26,06:09 AM,03:20 PM,09:15 AM,06:52 PM,-27,-31,-23,-31,16,32,69,0.0,1025,-24,10,247,9,"marquette,mi"
2019-01-31 22:00:00,-19,-27,0.2,5.2,1,26,06:09 AM,03:20 PM,09:15 AM,06:52 PM,-27,-30,-24,-30,16,41,71,0.0,1025,-25,10,246,9,"marquette,mi"
2019-01-31 23:00:00,-19,-27,0.2,5.2,1,26,06:09 AM,03:20 PM,09:15 AM,06:52 PM,-28,-30,-25,-30,17,49,72,0.0,1026,-25,10,245,8,"marquette,mi"
